28406911 8 15 22 34 37 58
40837271 15 17 18 25 30 39
22645203 6 13 25 28 38 58
24486531 7 8 32 46 50 55
29119558 8 21 37 40 52 58
26169965 7 18 21 32 39 50
20599673 5 23 28 34 49 60
19872122 5 16 18 30 49 50
22198677 6 11 17 24 26 37
31875663 9 29 38 39 41 50
23756752 6 23 27 33 40 49
41023170 15 18 27 31 32 50
16935170 4 20 44 46 49 53
42499064 16 22 42 43 49 53
19696491 5 14 39 42 43 57
28000549 8 13 14 24 28 29
23443619 6 19 27 34 42 55
30048251 9 11 20 23 45 60
25405779 7 13 14 32 40 49
29359610 8 25 32 44 49 52
29973157 9 11 14 19 28 42
27581944 8 10 41 43 47 58
20215723 5 18 38 45 53 57
41926200 16 17 18 30 54 55
26095786 7 17 26 38 47 58
27001509 7 32 39 44 50 59
23727934 6 22 39 42 54 57
41763252 15 30 35 46 52 60
32826211 10 15 17 37 56 57
28894238 8 19 24 34 40 51
7203649 2 9 29 30 37 45
27059955 7 36 41 53 55 60
29250632 8 23 33 40 44 59
18091766 5 7 18 43 44 56
27827344 8 12 14 35 40 43
20018381 5 17 20 37 50 60
44248579 18 22 23 39 41 53
28903688 8 19 26 27 31 44
29572206 8 31 35 38 41 42
24638053 7 9 18 24 40 53
24608224 7 9 15 51 54 58
15507353 4 11 13 34 39 48
41642793 15 27 28 34 45 54
18865732 5 10 21 24 35 58
15529962 4 11 15 21 30 51
20460590 5 21 28 37 45 58
20154014 5 18 23 32 41 49
41570951 15 25 32 34 43 54
28548114 8 16 23 28 39 57
20537153 5 22 29 32 34 36
31421390 9 21 25 29 32 40
15123260 4 9 18 19 28 42
20246441 5 19 22 29 51 60
27237891 8 9 18 26 29 50
