1 4 5 30 33 41 52 14086154
2 9 37 39 41 43 49 32013650
3 10 11 29 30 36 47 32230462
4 1 5 6 27 42 59 1205764
5 1 2 6 16 19 46 93941
6 7 13 19 22 40 47 25462532
7 3 5 20 21 38 56 10196083
8 4 17 37 38 47 53 16622346
9 8 43 54 55 56 60 29699121
10 4 18 21 25 38 57 16655726
11 15 25 37 38 58 59 41583771
12 4 16 19 20 27 43 16397721
13 18 32 47 50 54 56 44718940
14 2 16 23 27 47 53 8430908
15 12 33 35 51 52 60 37698856
16 20 32 34 49 58 60 46112084
17 6 10 13 19 20 51 21928121
18 23 27 36 37 42 56 47489186
19 5 10 12 24 25 60 18753110
20 11 25 28 30 33 51 35715032
21 6 33 36 46 49 53 24144913
22 1 9 31 38 46 56 2631940
23 17 37 39 51 52 59 43927659
24 1 8 14 28 33 43 2238913
25 24 43 50 54 55 56 48109636
26 10 22 50 53 57 58 33670968
27 13 17 20 33 44 51 38269245
28 3 6 22 24 54 60 10532128
29 3 8 14 43 56 58 11012775
30 7 14 15 29 38 50 25581895
31 17 19 28 45 48 56 43181523
32 5 14 33 36 43 44 19683705
33 5 17 33 39 42 49 20092543
34 13 15 17 40 53 57 37979954
35 4 16 21 23 54 57 16419377
36 3 13 17 25 29 51 12111240
37 6 7 22 38 52 60 21291627
38 10 42 43 45 54 55 34161737
39 12 16 37 45 52 56 36696998
40 3 5 8 12 46 47 10008722
41 12 26 35 38 39 47 37499679
42 7 11 19 24 33 36 25090711
43 2 6 17 25 26 58 6295474
44 14 18 29 38 44 47 39813235
45 7 30 37 44 53 55 26954433
46 1 23 24 32 46 60 4508217
47 3 17 25 35 48 56 12758280
48 2 5 28 34 47 50 6071093
49 7 13 33 35 43 55 25552450
50 6 16 21 44 57 58 23067871
51 17 23 24 25 42 47 43465893
52 15 30 38 46 58 59 41768613
53 3 13 16 38 42 46 12104211
54 5 9 18 21 36 56 18603776
55 2 14 23 29 38 52 8146969
56 2 7 20 35 51 59 6625090
57 7 16 17 27 34 59 25891180
58 12 27 30 37 44 49 37525705
59 2 8 13 28 34 54 6805886
60 3 14 15 20 21 38 12245216
61 8 18 29 42 44 59 28822270
62 6 8 13 24 31 52 21451816
63 9 25 26 40 41 49 31682070
64 8 12 23 50 54 60 27926856
65 1 5 20 25 32 34 1429286
66 12 13 15 26 33 48 36103067
67 12 14 17 27 47 52 36292642
68 1 3 12 13 53 59 608463
69 25 34 45 53 56 58 48373512
70 17 23 27 40 43 58 43489311
71 16 27 33 43 45 53 42749130
72 1 19 34 43 44 48 4241226
73 25 26 28 45 51 57 48125990
74 2 24 34 37 38 50 9194548
75 21 24 35 36 37 49 46409307
76 8 17 18 23 33 53 28622684
77 21 29 40 49 54 57 46626298
78 12 22 25 31 32 46 37234000
79 2 13 17 25 31 43 7924185
80 23 28 37 40 48 51 47527630
81 10 23 41 47 54 60 33733086
82 15 18 29 36 51 53 41034600
83 4 15 16 24 42 57 16230618
84 4 6 10 25 34 40 14195724
85 6 15 30 37 45 47 22985642
86 6 21 22 34 36 54 23584241
87 4 5 11 28 32 40 13899429
88 4 18 29 37 43 45 16711369
89 13 34 42 44 55 59 39256876
90 9 21 26 40 52 54 31431093
91 2 4 10 35 39 60 5535876
92 1 3 5 23 24 51 469816
93 2 22 28 31 36 53 9046663
94 8 18 28 51 52 55 28818595
95 6 40 45 46 50 60 24219417
96 4 7 26 40 42 58 14678068
97 5 11 14 35 53 56 19001791
98 13 14 31 33 35 43 37928540
99 11 24 30 33 46 60 35672631
100 14 29 30 46 48 51 40499286
101 1 18 29 31 37 39 4120325
102 19 20 37 42 44 56 44899669
103 1 7 9 49 54 57 1886618
104 1 4 13 21 38 52 998827
105 3 13 31 43 46 49 12217136
106 5 16 24 35 38 39 19926720
107 2 4 16 24 51 52 5625751
108 21 24 29 34 59 60 46390180
109 1 13 44 48 49 54 3470346
110 18 31 43 52 57 58 44696878
111 4 22 25 32 33 52 17037487
112 12 20 34 37 42 43 37117449
113 7 26 28 34 54 55 26789544
114 6 12 18 37 47 54 22410606
115 4 6 14 20 24 38 14259197
116 5 13 32 36 42 51 19517585
117 20 25 27 33 42 53 45856843
118 9 22 25 37 56 57 31498318
119 1 21 36 38 47 50 4418375
120 3 16 27 40 45 46 12647421
121 2 29 41 44 53 55 9414129
122 11 17 20 39 43 53 35024583
123 13 14 16 26 32 42 37813402
124 5 15 34 41 52 57 19836476
125 25 41 47 53 56 59 48428315
126 6 10 11 28 32 40 21900701
127 21 29 50 51 54 59 46631016
128 3 9 18 21 23 43 11304796
129 1 9 10 32 46 54 2423653
130 13 29 38 42 49 53 39148183
131 4 9 17 27 30 44 15117047
132 7 9 35 41 44 50 24743571
133 5 6 19 34 39 57 17807592
134 4 25 32 36 52 60 17248265
135 21 22 35 40 53 59 46285483
136 1 17 25 38 45 59 3989782
137 15 16 19 22 26 49 40722514
138 5 14 27 37 40 41 19660531
139 3 13 26 27 41 42 12189648
140 7 31 41 44 46 55 26983093
141 10 13 22 41 42 58 32564282
142 8 15 19 20 54 59 28372415
143 6 18 20 40 50 53 23293445
144 8 32 36 44 45 55 29595764
145 15 16 31 41 43 51 40807927
146 25 32 34 42 51 60 48326618
147 6 16 23 24 28 38 23076984
148 32 35 41 55 58 59 49630102
149 7 11 20 28 45 48 25103029
150 12 44 50 52 54 55 37787694
151 3 16 20 43 52 56 12597498
152 5 12 15 29 51 58 19208353
153 2 30 31 42 45 47 9421311
154 8 10 24 33 45 48 27524633
155 12 30 32 35 43 44 37626915
156 17 23 42 49 52 55 43528251
157 4 13 17 21 41 44 15928749
158 4 14 17 43 51 58 16100542
159 9 11 16 35 50 58 30009418
160 2 13 42 52 54 58 8051430
161 6 25 30 37 39 41 23882658
162 21 23 33 38 48 51 46346175
163 8 27 36 41 53 56 29456384
164 4 10 14 19 28 44 15302307
165 10 19 23 35 39 56 33355203
166 12 13 22 57 59 60 36184593
167 1 11 28 33 38 48 3060374
168 2 9 31 35 45 50 7213276
169 1 13 21 37 51 52 3388381
170 7 41 46 51 55 58 27093655
171 4 27 40 43 46 54 17352466
172 10 14 26 35 36 49 32753443
173 17 28 29 42 49 50 43733684
174 11 22 23 36 52 59 35510004
175 1 10 13 20 42 50 2699218
176 1 3 4 28 45 53 446918
177 22 35 38 39 41 59 47241232
178 5 15 19 26 27 33 19744617
179 5 6 23 26 27 53 17839111
180 6 23 29 39 51 60 23767967
181 1 27 33 35 51 55 4749159
182 3 5 10 28 46 60 10061496
183 2 7 11 16 40 44 6493491
184 9 16 21 34 41 60 30883370
185 17 22 43 46 55 59 43462709
186 14 23 24 25 26 51 40195124
187 6 36 41 44 48 58 24189687
188 17 27 34 42 43 46 43714154
189 4 15 31 38 41 53 16348196
190 5 10 21 32 40 42 18869690
191 1 3 5 23 41 58 470282
192 1 26 28 41 54 60 4691186
193 4 11 12 19 43 49 15483153
194 25 28 32 33 42 43 48215754
195 3 9 17 32 37 44 11299593
196 7 9 14 17 24 32 24581136
197 5 12 15 19 29 52 19201753
198 1 8 18 23 35 40 2287406
199 10 16 37 50 52 57 33078146
200 12 15 19 34 44 51 36466590
201 5 20 22 30 35 55 20337997
202 12 24 44 45 49 53 37413019
203 11 19 29 44 47 55 35298538
204 29 31 39 41 51 58 49201832
205 26 32 40 43 46 54 48615054
206 18 20 26 34 51 56 44111050
207 3 7 19 24 53 55 10797487
208 15 23 24 25 47 57 41417372
209 13 21 26 32 41 52 38700699
210 20 32 37 38 48 58 46116737
211 10 20 33 40 45 50 33496347
212 6 15 29 45 57 59 22983012
213 3 9 23 30 32 35 11356040
214 6 12 30 31 35 50 22493022
215 7 28 37 46 53 58 26895762
216 14 18 30 35 42 59 39816514
217 3 27 32 45 49 51 13517278
218 12 17 40 42 47 54 36824005
219 23 26 28 36 42 49 47422672
220 13 14 36 53 55 60 37944862
221 13 27 43 50 54 58 39086434
222 5 19 30 48 52 55 20297129
223 2 6 22 24 28 58 6344539
224 7 16 18 20 21 44 25897805
225 2 4 16 21 37 58 5623541
226 1 2 38 49 50 59 416744
227 11 26 27 37 42 48 35758932
228 13 16 40 43 45 59 38234648
229 11 13 21 33 39 45 34460704
230 8 40 41 44 53 56 29685375
231 16 27 36 42 44 59 42755909
232 19 22 29 37 41 59 45032122
233 3 7 24 32 36 45 10843451
234 15 25 41 42 45 54 41589365
235 2 22 29 31 41 55 9051265
236 10 25 50 52 57 60 33848259
237 7 31 36 45 56 57 26976535
238 9 13 15 37 41 42 30369506
239 6 21 33 44 46 47 23642724
240 25 28 38 41 57 59 48231036
241 11 31 35 40 56 57 35947490
242 4 7 21 22 28 56 14634552
243 11 16 20 23 32 47 34894485
244 19 24 33 47 50 60 45172599
245 8 27 44 51 53 60 29466079
246 2 16 32 37 43 57 8480109
247 3 10 23 30 34 46 11586404
248 16 32 34 35 41 56 42889103
249 21 36 40 49 54 55 46753703
250 7 25 41 42 43 55 26776915
251 15 23 30 34 49 55 41452838
252 4 17 26 32 51 54 16583132
253 11 12 24 37 44 56 34306940
254 1 4 21 22 30 56 1095444
255 16 19 20 32 44 55 42160619
256 2 21 26 32 34 52 8962760
257 1 4 5 19 28 34 834333
258 7 12 50 54 55 60 25393836
259 13 15 20 33 43 58 38010075
260 4 6 33 43 59 60 14414684
261 5 16 20 30 54 56 19892708
262 11 20 48 53 58 60 35421505
263 8 9 26 43 50 53 27309172
264 1 5 13 25 31 33 1342282
265 7 16 34 41 50 53 26004401
266 2 23 38 46 48 54 9144854
267 1 8 45 46 55 58 2405685
268 5 6 10 21 33 47 17671872
269 17 18 19 25 49 52 43008860
270 5 9 27 35 40 45 18681700
271 14 24 26 29 31 54 40268766
272 9 10 24 36 56 58 29874703
273 10 17 23 27 47 52 33138975
274 11 13 18 26 39 47 34427968
275 16 19 30 37 38 48 42225991
276 22 39 45 53 57 59 47281426
277 4 26 38 40 52 56 17308681
278 10 15 18 22 31 55 32830624
279 4 23 31 47 58 59 17135488
280 5 16 20 25 30 58 19889805
281 5 11 31 38 47 53 19141925
282 9 14 23 24 33 36 30610086
283 25 28 34 42 48 54 48223486
284 7 8 14 30 32 36 24339773
285 12 32 37 41 50 56 37684195
286 29 35 37 44 47 56 49264952
287 3 13 25 33 47 60 12186306
288 6 9 11 17 18 50 21662547
289 6 7 20 25 30 36 21268616
290 7 25 26 30 40 57 26731119
291 5 16 17 18 22 41 19852565
292 13 23 24 34 45 53 38828773
293 5 6 7 12 28 35 17601033
294 22 25 28 41 45 57 46941510
295 7 12 24 31 44 50 25331387
296 3 20 42 46 51 52 13114132
297 1 20 28 33 36 41 4309198
298 5 22 23 24 34 60 20498733
299 2 5 7 33 49 53 5813929
300 24 27 28 38 41 57 47841058
301 9 26 48 49 57 58 31775479
302 12 25 30 40 41 60 37439000
303 7 13 17 30 37 47 25444705
304 7 11 34 41 42 59 25183423
305 5 11 27 38 53 60 19124820
306 19 30 41 47 56 57 45420795
307 13 16 17 26 41 44 38110698
308 4 11 25 29 39 55 15631470
309 4 11 25 39 50 55 15634800
310 2 14 28 29 31 32 8176859
311 22 24 30 32 38 41 46895256
312 14 23 30 41 47 50 40232682
313 14 16 24 37 38 53 39550119
314 5 32 34 37 40 58 20958992
315 12 21 22 28 43 50 37137670
316 6 24 28 43 51 56 23823023
317 16 20 27 30 35 48 42301508
318 3 19 20 31 40 53 12930969
319 12 16 17 19 23 48 36571592
320 20 22 27 47 50 53 45682280
321 4 11 31 32 48 49 15661436
322 11 18 29 44 47 56 35197269
323 26 31 33 40 49 54 48581450
324 8 15 22 25 30 47 28402773
325 1 3 4 21 23 53 442178
326 21 23 40 44 51 52 46359891
327 29 32 33 38 46 48 49210106
328 5 7 14 21 23 51 18031501
329 10 11 12 24 35 40 32064236
330 2 4 14 23 37 51 5597469
331 1 13 20 27 35 37 3375278
332 23 28 29 34 42 44 47503466
333 4 27 35 44 52 53 17344843
334 14 23 24 26 41 51 40196075
335 7 23 33 43 57 59 26652249
336 2 18 22 26 30 54 8657594
337 4 14 16 31 52 54 16085231
338 1 4 9 36 46 48 934543
339 5 12 13 16 27 50 19169734
340 9 10 12 33 42 60 29737982
341 5 16 22 23 43 56 19906452
342 16 29 34 49 51 54 42819740
343 4 6 7 12 24 41 14122144
344 10 12 14 33 35 36 32294422
345 11 22 46 51 56 58 35577009
346 7 12 41 46 56 60 25389830
347 1 10 12 26 48 52 2686988
348 19 30 33 39 40 52 45405888
349 8 9 28 32 38 54 27316807
350 10 15 23 30 43 57 32881157
351 15 16 24 41 59 60 40772918
352 7 20 25 44 47 49 26395363
353 19 23 30 46 55 60 45103796
354 7 16 38 40 41 52 26011738
355 2 14 22 23 37 60 8135910
356 5 19 21 54 56 58 20242508
357 2 30 32 35 45 53 9423109
358 12 17 21 32 40 42 36744015
359 13 19 20 29 31 54 38480592
360 23 24 29 47 53 55 47330307
361 16 28 31 41 45 59 42778606
362 7 20 33 37 46 56 26428956
363 19 29 39 47 49 54 45391229
364 5 29 44 51 57 59 20902366
365 19 23 34 37 52 58 45114824
366 4 6 7 15 21 51 14125149
367 10 12 27 33 49 52 32416948
368 13 29 32 38 44 50 39134231
369 1 14 21 35 42 60 3550928
370 1 4 40 42 51 54 1180867
371 4 18 23 33 39 60 16675576
372 16 17 24 39 46 57 41981881
373 1 5 10 24 31 33 1289752
374 2 5 16 26 44 54 5967880
375 1 5 9 42 51 58 1276871
376 10 13 25 35 43 48 32584413
377 3 12 19 27 45 46 11956459
378 5 38 41 45 48 55 21043449
379 24 33 40 41 55 59 48029513
380 13 22 30 31 47 57 38793205
381 9 10 28 46 55 56 29899302
382 31 34 37 38 53 54 49512638
383 14 22 48 50 53 56 40194459
384 24 28 40 47 50 52 47909508
385 5 12 16 18 22 24 19213911
386 17 35 36 39 43 54 43902178
387 22 28 29 43 47 48 47069568
388 23 36 48 52 53 58 47695998
389 5 14 18 43 46 54 19590724
390 7 12 22 34 38 53 25317423
391 4 7 15 16 35 40 14563180
392 15 23 31 39 47 49 41457733
393 6 12 35 36 40 50 22509517
394 5 15 35 42 45 49 19838844
395 10 11 14 20 31 58 32092803
396 6 18 34 42 45 47 23370143
397 1 2 5 24 32 46 75683
398 7 16 22 28 36 37 25941298
399 11 16 27 47 55 59 34952819
400 10 13 28 29 54 59 32598750
401 11 18 43 44 50 53 35226384
402 5 16 27 43 56 58 19946569
403 7 16 27 31 46 60 25975707
404 1 24 28 38 40 58 4591702
405 24 29 34 47 57 60 47930918
406 2 12 32 38 47 48 7854093
407 2 18 22 49 51 57 8663815
408 14 28 33 44 49 56 40477496
409 18 25 26 31 34 49 44443076
410 8 24 31 36 38 55 29302337
411 10 12 31 38 45 56 32435456
412 5 12 14 21 45 59 19189451
413 2 4 29 33 35 53 5733989
414 16 26 35 45 52 58 42713417
415 1 4 27 38 42 44 1143941
416 1 13 23 33 54 56 3403458
417 7 12 21 25 34 42 25304937
418 8 15 32 45 49 52 28462588
419 9 16 41 42 52 53 30963665
420 12 29 30 43 57 59 37594348
421 5 35 37 38 45 51 21010546
422 12 37 43 55 56 60 37756303
423 8 22 32 33 40 53 29179801
424 18 27 29 36 46 59 44547157
425 6 10 16 34 42 47 21979418
426 7 30 32 37 50 54 26941577
427 3 13 14 24 43 51 12071199
428 8 28 30 32 46 60 29473192
429 17 26 32 36 43 55 43666510
430 8 10 21 25 38 50 27497543
431 26 37 40 47 52 58 48680146
432 4 13 17 27 39 50 15932399
433 16 17 28 30 36 54 42001908
434 4 10 17 24 30 54 15345673
435 10 11 17 31 37 43 32138942
436 1 6 7 29 48 57 1546487
437 7 10 30 44 54 59 24959639
438 3 5 11 14 38 48 10069548
439 13 20 29 42 43 57 38635859
440 3 5 23 30 46 47 10226638
441 2 10 15 21 58 59 7311606
442 6 15 23 31 37 59 22944983
443 11 17 26 36 48 52 35068972
444 3 24 33 48 52 57 13380815
445 7 20 31 32 50 53 26421293
446 8 11 12 17 20 47 27590742
447 15 24 25 33 42 55 41486365
448 3 5 9 45 51 52 10046448
449 1 8 24 34 49 56 2345862
450 1 9 13 50 51 59 2478804
451 17 18 23 28 31 53 43045320
452 11 16 30 36 51 54 34964565
453 8 20 23 34 52 58 28978657
454 4 17 24 42 46 56 16573010
455 2 14 15 17 50 59 8056366
456 3 17 22 27 33 40 12733368
457 15 17 24 27 32 48 40891451
458 13 24 32 34 43 53 38926077
459 8 15 17 39 43 49 28358694
460 19 23 30 37 49 55 45102339
461 15 17 20 29 30 60 40859882
462 17 19 22 26 27 48 43137669
463 2 3 7 18 45 53 5096979
464 6 24 33 38 45 50 23840498
465 1 22 31 46 51 57 4480290
466 11 16 28 29 30 45 34953131
467 8 18 21 22 38 60 28763754
468 5 6 23 25 39 51 17838866
469 13 21 26 29 42 47 38699493
470 8 11 23 37 51 58 27730602
471 5 31 32 36 51 59 20932894
472 3 4 12 29 38 51 9756477
473 7 23 41 49 51 58 26666404
474 3 12 32 34 40 50 12040029
475 6 8 19 22 43 52 21527885
476 17 20 38 43 55 58 43301391
477 6 8 18 34 38 47 21522961
478 3 8 21 25 30 31 11087388
479 20 26 41 46 54 58 45942967
480 14 33 36 38 41 49 40603963
481 6 13 22 24 42 44 22621632
482 12 13 33 53 54 56 36240805
483 16 18 23 35 44 59 42085674
484 17 18 19 38 49 53 43013866
485 19 28 30 38 52 57 45337120
486 8 14 19 30 42 50 28229093
487 8 22 25 48 52 54 29150784
488 15 30 35 39 43 57 41762175
489 17 28 33 36 53 59 43746434
490 5 11 23 29 54 58 19096744
491 1 9 15 22 43 55 2499754
492 2 6 15 18 56 57 6265508
493 3 18 20 24 42 54 12826251
494 18 20 28 32 49 53 44120768
495 8 15 29 36 49 60 28450037
496 10 19 20 29 41 59 33327705
497 9 13 20 32 41 58 30425622
498 2 6 28 49 50 57 6389819
499 1 4 5 11 44 59 826970
500 21 29 35 36 38 54 46616415
501 16 27 28 34 39 56 42728698
502 7 13 21 24 33 50 25482689
503 7 10 21 27 48 49 24899836
504 8 11 19 30 39 50 27692906
505 3 20 28 46 47 52 13081190
506 4 15 31 34 37 38 16347039
507 3 5 27 33 44 58 10252880
508 5 10 15 45 46 56 18805880
509 28 32 33 34 35 55 49038933
510 1 4 30 41 45 58 1158089
511 3 4 8 34 36 37 9682168
512 4 8 31 40 53 58 14971550
513 10 19 27 33 39 46 33379693
514 15 36 40 42 51 52 41870591
515 15 16 39 45 48 57 40826283
516 5 13 24 33 34 35 19478066
517 7 8 28 32 38 51 24467944
518 5 8 10 15 18 44 18229858
519 9 15 19 22 36 42 30722641
520 9 12 17 32 34 35 30215060
521 15 25 28 32 38 45 41554686
522 6 14 15 25 49 52 22710338
523 28 39 40 44 45 58 49131807
524 19 29 34 41 47 48 45381552
525 8 10 24 26 32 49 27521302
526 3 21 31 36 55 59 13174065
527 6 14 17 26 50 52 22736494
528 8 12 28 31 34 37 27953074
529 1 13 33 38 45 56 3453248
530 1 6 21 25 32 49 1754691
531 1 3 7 18 35 50 514665
532 4 9 12 13 52 53 15035534
533 13 18 21 27 53 59 38387890
534 3 8 23 31 48 57 11106880
535 6 14 28 47 49 56 22829636
536 14 15 22 23 25 37 39393079
537 3 7 19 34 37 39 10801779
538 3 25 43 45 52 56 13448109
539 6 16 19 47 50 55 23049081
540 4 22 28 30 44 49 17053331
541 13 27 49 52 57 58 39088560
542 4 6 19 28 35 49 14326373
543 35 37 42 46 49 54 49849626
544 11 17 33 34 47 56 35097214
545 17 29 35 40 43 57 43783566
546 4 5 13 17 46 54 13925860
547 4 13 28 30 53 59 16021443
548 14 47 49 51 58 59 40695338
549 8 13 22 46 51 58 28097184
550 16 17 38 39 45 56 42033456
551 12 21 46 48 56 57 37215361
552 9 22 47 49 52 54 31551544
553 4 43 46 53 54 58 17588183
554 15 29 31 42 47 60 41724244
555 5 23 31 33 45 49 20611496
556 8 10 17 30 33 45 27458744
557 8 12 18 23 38 49 27873094
558 7 14 31 57 58 59 25711872
559 6 13 17 25 36 53 22572518
560 2 11 18 30 32 58 7565248
561 1 20 36 39 49 55 4336362
562 16 23 35 37 55 57 42554477
563 5 8 23 34 44 51 18406451
564 10 13 20 32 38 49 32544313
565 7 31 34 35 37 45 26970107
566 6 13 17 18 20 37 22567063
567 11 31 38 41 57 58 35953000
568 13 17 22 25 29 41 38282845
569 3 9 14 15 32 57 11248792
570 15 32 33 35 36 51 41800385
571 12 13 14 31 50 51 36091516
572 3 9 16 20 33 60 11280566
573 6 17 22 29 40 59 23195596
574 2 10 17 23 32 44 7338168
575 5 18 21 29 35 48 20136459
576 7 8 18 39 43 52 24394016
577 8 23 24 28 31 47 29205159
578 3 18 23 48 56 58 12858667
579 4 9 15 17 34 39 15084682
580 15 16 18 28 38 47 40715658
581 14 17 25 30 39 52 39677805
582 13 29 40 45 51 59 39151039
583 6 7 20 41 43 55 21274510
584 7 8 23 30 32 53 24436930
585 12 24 33 36 39 57 37395569
586 11 13 38 39 45 54 34537349
587 2 18 29 30 36 60 8702033
588 11 13 45 46 53 55 34544350
589 6 7 8 13 33 59 21079718
590 4 5 18 25 28 51 13997683
591 1 3 18 34 50 58 704703
592 13 14 42 47 55 59 37952176
593 1 25 27 29 49 59 4636283
594 10 13 29 47 53 55 32607444
595 1 2 25 43 50 54 371179
596 11 14 28 43 54 60 34672635
597 22 27 29 40 42 56 47033081
598 5 16 34 38 50 53 19971635
599 4 6 9 23 45 51 14175130
600 16 18 31 34 39 54 42127573
601 10 19 22 29 30 37 33344994
602 7 13 38 46 55 60 25564752
603 4 8 11 12 29 44 14766811
604 15 25 41 46 49 51 41589864
605 4 24 44 49 52 53 17216412
606 6 23 32 35 41 55 23777847
607 6 11 19 27 41 59 22222913
608 6 13 19 24 30 37 22593888
609 2 6 15 58 59 60 6276997
610 25 30 43 45 47 49 48295270
611 16 21 22 33 48 49 42352234
612 15 18 33 50 53 55 41050436
613 6 13 19 44 54 55 22600906
614 12 16 31 48 57 60 36682366
615 5 8 10 27 31 51 18239054
616 2 12 16 24 26 54 7732740
617 3 5 25 33 36 49 10241275
618 3 8 10 13 24 60 10929503
619 8 12 14 16 19 46 27815773
620 1 3 13 22 29 32 631986
621 26 29 31 49 50 57 48525081
622 19 27 29 38 50 59 45297085
623 9 23 30 42 49 55 31590222
624 8 23 34 39 43 52 29253019
625 12 24 32 40 42 59 37393587
626 7 8 18 22 39 49 24386833
627 1 13 19 45 56 58 3370714
628 8 16 22 30 56 58 28541449
629 15 16 39 40 47 51 40825580
630 12 16 20 45 53 60 36614474
631 1 20 28 32 44 47 4309009
632 2 19 28 48 51 54 8802882
633 5 11 22 27 46 50 19087929
634 10 13 24 41 42 56 32579190
635 8 20 26 37 42 49 28999021
636 26 28 30 32 34 50 48486564
637 11 18 43 48 52 58 35226746
638 10 11 36 41 42 50 32254518
639 13 35 39 45 51 60 39266681
640 12 19 42 46 59 60 37039526
641 1 9 13 17 33 34 2466243
642 17 36 40 44 51 56 43919457
643 14 24 37 40 42 45 40309886
644 14 27 29 31 34 57 40424258
645 3 24 48 52 53 54 13398038
646 10 13 32 47 49 60 32618405
647 11 12 14 19 54 56 34193876
648 5 23 29 42 45 48 20605890
649 9 24 33 41 48 54 31658817
650 10 24 25 29 53 59 33739291
651 26 28 39 45 48 60 48511074
652 10 18 20 24 56 57 33223953
653 5 9 19 24 31 34 18616283
654 6 10 11 40 41 56 21904744
655 1 26 37 39 43 48 4717797
656 35 36 37 46 51 59 49835000
657 16 20 33 58 59 60 42329250
658 3 6 11 20 36 41 10391047
659 14 29 34 40 51 52 40510996
660 5 11 38 46 53 54 19159595
661 4 27 36 40 42 55 17346164
662 4 18 23 25 56 60 16672160
663 1 27 30 49 51 55 4741439
664 1 12 36 38 55 59 3281905
665 7 8 18 25 47 48 24388855
666 7 16 26 29 45 55 25969391
667 1 4 5 16 23 49 831594
668 1 2 14 33 49 56 258101
669 7 24 27 40 41 49 26687146
670 22 37 42 48 58 59 47266248
671 9 16 27 38 39 51 30925713
672 24 28 34 38 43 53 47898059
673 6 11 20 34 37 40 22235548
674 18 22 29 32 38 42 44281142
675 24 25 30 42 43 50 47763069
676 9 15 32 41 42 49 30811033
677 8 10 25 32 48 55 27530873
678 14 31 40 42 44 46 40572491
679 3 21 25 37 54 58 13145703
680 2 3 5 22 26 44 5051328
681 21 25 38 53 58 59 46469253
682 4 27 36 37 47 60 17345613
683 2 11 12 35 40 43 7484531
684 17 19 33 37 40 50 43198487
685 5 12 27 33 43 56 19317896
686 4 5 15 26 33 54 13961327
687 1 7 14 41 48 59 1972480
688 11 21 30 35 47 52 35474496
689 6 7 31 49 51 60 21343058
690 8 12 15 41 47 53 27842987
691 8 16 37 50 55 58 28610345
692 11 18 33 57 58 60 35211824
693 13 14 17 31 41 50 37828288
694 15 19 29 37 41 53 41135988
695 6 11 13 21 40 52 22142109
696 9 16 34 37 53 57 30951647
697 28 31 32 35 51 53 49016095
698 8 12 22 27 43 55 27913624
699 17 23 48 50 53 54 43530867
700 2 3 14 24 31 40 5230645
701 1 13 23 31 48 60 3402682
702 1 18 45 56 57 58 4154344
703 2 11 24 27 30 45 7616807
704 2 4 18 27 34 50 5650965
705 3 11 13 15 26 43 11675591
706 2 7 10 17 22 60 6475473
707 1 8 10 36 43 51 2174957
708 7 9 13 39 45 47 24577507
709 4 6 9 22 29 44 14174097
710 5 25 34 39 46 49 20733171
711 5 10 33 40 41 59 18936563
712 7 8 35 43 53 58 24494067
713 1 12 16 26 46 54 3152250
714 7 8 17 35 39 53 24381493
715 4 12 24 33 36 54 15821008
716 2 7 16 29 32 50 6578183
717 6 17 23 28 35 41 23202773
718 7 21 33 35 39 58 26510561
719 3 32 37 39 47 53 13667058
720 12 31 44 51 54 56 37671670
721 3 14 23 25 36 55 12331983
722 9 18 36 44 57 60 31192543
723 1 6 16 36 50 52 1706048
724 17 27 34 48 51 55 43714859
725 3 9 35 37 41 49 11411945
726 1 5 7 37 40 47 1232826
727 4 12 14 30 42 59 15715721
728 8 13 24 32 42 44 28109051
729 5 18 33 43 56 57 20205278
730 2 15 16 45 50 54 8230486
731 6 15 16 23 28 35 22870894
732 6 17 19 49 50 53 23172610
733 2 12 26 31 43 46 7826018
734 27 29 43 44 45 54 48783330
735 9 15 38 40 42 52 30824025
736 1 21 38 41 49 56 4422286
737 11 12 24 32 33 38 34305186
738 14 15 26 30 42 54 39424687
739 6 10 35 45 49 56 22104771
740 12 16 28 29 47 50 36665797
741 24 26 27 36 39 59 47794657
742 2 7 17 34 41 50 6592626
743 20 23 25 32 54 60 45733932
744 4 12 23 26 39 46 15810867
745 2 16 21 37 43 57 8418333
746 1 10 12 25 49 57 2686443
747 2 3 12 21 23 56 5197007
748 1 2 7 19 35 51 120476
749 4 24 47 48 50 57 17217449
750 10 17 33 42 54 58 33192179
751 4 7 20 25 38 50 14627563
752 4 23 24 25 29 42 17093594
753 2 7 22 35 43 59 6642565
754 3 4 13 34 42 50 9774664
755 4 12 30 47 49 59 15855373
756 5 27 37 38 41 50 20826273
757 12 17 18 30 32 58 36713380
758 1 23 36 43 47 59 4559104
759 30 31 39 45 48 59 49344823
760 12 17 44 45 46 60 36827384
761 13 17 27 29 40 56 38318080
762 9 12 21 37 39 54 30257858
763 1 9 26 40 47 48 2609720
764 3 7 45 47 53 55 10904246
765 3 10 16 30 37 50 11516774
766 1 19 24 42 50 58 4197220
767 15 22 32 38 50 54 41394792
768 4 8 30 33 37 59 14965880
769 12 16 20 21 29 50 36605336
770 4 12 25 34 35 48 15827848
771 14 21 29 34 46 47 40087115
772 10 35 38 51 52 60 34112603
773 3 5 14 29 34 51 10128833
774 5 10 37 46 54 58 18946189
775 12 27 42 46 47 50 37551500
776 3 15 35 41 57 60 12540227
777 2 14 23 28 50 56 8146694
778 20 31 36 37 45 51 46094214
779 25 26 29 36 52 54 48128921
780 7 10 28 50 51 59 24951503
781 8 10 13 39 54 56 27406866
782 2 11 23 35 42 59 7613119
783 4 8 21 32 43 48 14910789
784 8 27 37 42 53 56 29458308
785 5 8 17 35 37 48 18349250
786 10 11 26 27 31 41 32214019
787 20 31 34 37 54 60 46089989
788 17 19 29 31 44 57 43182766
789 6 31 38 39 50 60 24109250
790 2 6 19 22 28 43 6315773
791 9 14 19 35 42 58 30579921
792 9 29 34 43 45 56 31868750
793 3 15 16 33 51 57 12415134
794 3 38 42 47 55 56 13745914
795 14 21 26 29 36 48 40070125
796 5 19 24 34 39 43 20263055
797 6 12 47 48 52 58 22523426
798 3 4 9 29 32 52 9701011
799 19 29 35 42 55 57 45384082
800 1 7 11 37 38 56 1922819
801 11 19 20 22 42 48 35230655
802 6 14 18 24 48 60 22746805
803 3 5 10 21 28 57 10056909
804 3 13 37 47 56 59 12232521
805 2 30 36 43 48 60 9434624
806 18 26 35 41 47 60 44526121
807 2 8 27 32 49 56 6945287
808 2 15 21 31 46 57 8280744
809 5 11 15 23 25 30 19009911
810 1 4 5 33 37 48 842325
811 10 28 32 41 47 57 33950259
812 11 13 38 39 54 57 34537442
813 9 15 23 45 46 56 30766046
814 2 8 11 41 46 50 6776596
815 9 19 37 39 50 57 31294769
816 20 21 30 40 47 52 45621092
817 10 29 30 34 43 52 33973100
818 8 9 22 25 41 44 27275733
819 5 19 25 46 51 58 20272025
820 10 17 21 32 45 46 33124916
821 4 29 33 36 38 42 17405690
822 4 10 17 27 41 52 15347619
823 1 15 26 51 54 59 3738151
824 6 7 9 20 33 48 21106867
825 10 21 28 40 41 47 33560119
826 6 7 8 27 45 53 21090717
827 18 24 30 42 51 56 44412821
828 23 28 38 42 50 53 47529517
829 10 14 32 47 50 56 32781596
830 2 13 41 49 51 53 8050479
831 3 32 33 42 48 50 13658886
832 15 17 23 33 39 49 40887011
833 13 16 46 53 57 58 38239238
834 10 16 17 34 44 51 32961013
835 18 31 33 49 57 58 44681599
836 17 22 28 38 52 59 43427935
837 5 6 16 24 34 60 17768459
838 9 23 30 38 44 47 31589425
839 7 8 11 18 37 43 24283794
840 17 29 31 35 43 59 43771307
841 7 22 32 36 38 51 26581699
842 7 9 30 44 51 60 24729319
843 1 16 34 36 45 48 3903287
844 16 24 34 44 54 57 42612288
845 14 19 20 40 48 52 39855039
846 2 3 44 47 50 54 5399239
847 14 15 27 42 44 48 39433414
848 17 27 32 34 47 56 43706913
849 8 9 39 44 49 58 27349678
850 7 22 25 44 59 60 26551518
851 3 16 19 32 35 58 12584752
852 6 14 23 34 38 44 22797049
853 30 38 46 51 56 59 49442659
854 3 17 24 25 27 44 12747016
855 3 24 31 42 43 53 13373906
856 11 15 40 41 42 47 34852305
857 2 3 17 49 50 59 5277775
858 4 18 23 31 37 54 16674798
859 9 12 34 46 47 57 30326701
860 2 8 17 22 42 44 6857527
861 39 40 42 47 59 60 49990746
862 2 8 11 12 19 35 6759525
863 15 24 32 50 53 57 41521189
864 8 11 31 33 42 57 27771624
865 23 26 27 41 51 53 47418888
866 5 27 36 40 46 48 20824980
867 10 19 26 28 44 54 33372300
868 21 22 25 40 51 57 46245756
869 27 29 42 49 50 51 48783102
870 8 21 34 40 43 52 29113349
871 1 5 10 17 47 58 1284904
872 5 18 31 43 55 58 20199074
873 4 19 30 34 57 59 16816017
874 10 20 42 44 52 59 33511503
875 18 20 24 36 53 58 44099114
876 4 8 12 41 45 60 14800810
877 13 15 20 28 31 36 38007748
878 11 12 37 38 43 54 34357203
879 10 28 29 35 42 46 33937852
880 25 30 37 46 49 51 48288911
881 4 18 24 43 51 56 16685131
882 17 41 42 44 45 60 43952053
883 21 32 37 52 53 60 46694025
884 2 11 12 14 22 39 7471134
885 4 13 31 33 47 51 16034722
886 17 33 37 50 55 59 43877690
887 1 12 21 32 34 44 3208214
888 24 40 50 52 54 60 48100283
889 20 24 34 39 54 60 45832193
890 7 9 17 21 22 54 24624062
891 15 16 19 22 34 35 40722736
892 1 19 42 44 49 52 4253305
893 3 18 26 51 53 56 12878455
894 20 24 28 37 41 44 45810570
895 2 41 43 55 57 58 9574479
896 5 11 22 31 35 41 19089513
897 7 21 22 43 46 57 26456034
898 3 4 8 30 45 54 9680896
899 18 20 36 53 54 58 44149388
900 4 18 21 34 38 59 16659673
901 13 16 32 33 34 56 38216550
902 18 23 50 52 55 58 44381899
903 5 17 20 32 41 55 20016745
904 32 44 48 51 53 59 49682151
905 2 4 15 16 55 57 5606434
906 7 14 24 29 35 39 25671905
907 9 36 37 41 51 53 32002029
908 1 9 19 25 50 52 2549458
909 17 22 26 28 38 42 43413879
910 3 15 27 29 36 53 12508151
911 1 6 28 29 46 49 1803319
912 4 19 21 26 29 54 16757320
913 14 30 36 38 46 59 40542277
914 9 12 23 33 45 51 30273012
915 17 20 26 28 48 49 43257985
916 5 28 33 36 37 38 20852960
917 23 25 30 46 47 59 47386596
918 4 8 12 38 44 52 14800216
919 3 25 31 41 43 60 13426120
920 5 17 24 52 55 57 20052613
921 1 9 35 41 48 57 2643638
922 12 13 19 41 45 49 36156054
923 2 15 39 50 53 57 8360614
924 2 20 21 27 51 60 8842751
925 8 22 36 37 46 52 29190902
926 21 33 34 40 41 59 46704245
927 19 23 26 31 33 36 45081170
928 4 10 32 33 49 60 15453209
929 16 27 35 39 49 57 42753434
930 20 28 37 46 49 55 46014825
931 7 17 19 34 36 39 26039615
932 2 17 21 36 42 53 8541469
933 8 14 25 39 45 51 28280782
934 1 3 21 25 44 48 730352
935 7 13 18 29 31 45 25455595
936 5 14 22 29 33 44 19624754
937 2 21 22 30 41 52 8934691
938 15 27 35 50 57 59 41668690
939 6 19 23 37 49 50 23419416
940 5 25 31 33 37 51 20722615
941 10 11 15 27 53 60 32111804
942 5 8 18 42 52 59 18362450
943 3 12 23 41 47 58 11996210
944 16 37 43 52 58 59 42968721
945 4 8 27 44 54 59 14954968
946 1 5 12 47 52 59 1332730
947 3 5 11 14 33 58 10069438
948 22 41 44 46 52 54 47289333
949 1 23 41 44 51 52 4566009
950 23 41 42 48 49 59 47724112
951 14 24 34 39 49 55 40303709
952 2 11 18 27 30 54 7563791
953 1 16 39 42 48 55 3913506
954 5 8 18 24 33 57 18355801
955 5 12 21 32 33 35 19275978
956 46 47 51 54 57 59 50059420
957 24 25 32 34 50 57 47768313
958 7 13 22 33 48 51 25495626
959 3 5 11 33 39 57 10081833
960 6 18 19 33 34 53 23281500
961 2 4 16 21 36 53 5623513
962 2 11 40 48 49 55 7676493
963 15 17 37 48 50 59 40947081
964 8 13 20 26 33 42 28073658
965 5 30 36 39 57 58 20919718
966 1 4 26 28 41 58 1135061
967 5 13 14 18 30 57 19365143
968 1 4 13 30 51 60 1004109
969 13 25 35 41 50 56 38987987
970 5 21 28 34 54 57 20459850
971 4 11 14 33 44 45 15522295
972 15 18 31 33 34 56 41041127
973 1 8 30 36 47 53 2377912
974 12 16 20 31 38 45 36611050
975 9 30 33 37 40 41 31892364
976 14 23 25 28 38 53 40203586
977 3 5 7 9 17 32 9982266
978 12 16 18 27 42 58 36588799
979 3 15 28 31 39 51 12514016
980 15 17 29 35 36 59 40922160
981 1 8 34 41 53 58 2391484
982 8 12 24 40 43 49 27932844
983 16 22 32 38 40 45 42480646
984 4 10 20 43 46 47 15384490
985 4 16 18 46 56 59 16397115
986 6 15 19 24 31 32 22906092
987 13 27 31 34 47 58 39062520
988 8 17 46 48 56 60 28741515
989 2 21 27 29 32 38 8966930
990 2 10 15 18 29 39 7308781
991 8 9 15 38 41 60 27205574
992 1 4 6 8 25 28 847592
993 5 24 25 26 42 60 20638696
994 3 20 29 40 44 58 13084873
995 4 16 31 36 54 55 16483621
996 7 15 20 21 23 29 25783395
997 9 17 18 32 53 55 30976570
998 3 4 21 22 28 32 9864581
999 18 24 36 44 55 58 44429884
1000 29 38 39 49 53 58 49295072
1001 12 15 27 37 51 60 36527862
1002 3 7 25 31 40 58 10849717
1003 5 10 16 23 26 27 18811310
1004 29 40 43 44 45 47 49309017
1005 4 6 12 37 41 42 14236374
1006 2 4 17 33 48 55 5642280
1007 4 27 36 37 49 52 17345628
1008 7 13 15 34 42 48 25420681
1009 1 6 12 29 34 58 1644474
1010 2 3 13 37 46 54 5221163
1011 2 11 21 30 35 52 7594999
1012 14 19 40 47 55 58 39942500
1013 7 9 12 19 20 41 24551281
1014 8 9 25 41 57 60 27302948
1015 3 8 17 26 28 49 11046747
1016 5 9 11 20 25 60 18502774
1017 6 19 31 34 51 56 23460906
1018 9 24 44 51 55 58 31675492
1019 4 13 23 29 46 47 15990841
1020 1 2 19 32 39 52 319506
1021 2 33 42 43 51 55 9503991
1022 5 21 31 39 40 56 20473153
1023 2 7 8 18 40 45 6436407
1024 18 22 28 29 39 53 44275460
1025 10 27 28 29 40 52 33895171
1026 6 10 17 33 51 53 21991557
1027 18 20 33 44 47 60 44141878
1028 20 26 34 51 52 54 45932156
1029 5 16 17 20 24 32 19854229
1030 1 8 23 37 54 57 2339592
1031 24 33 40 43 46 49 48029711
1032 15 16 26 29 43 57 40781782
1033 5 6 17 33 39 54 17785124
1034 1 3 18 20 42 49 697306
1035 1 11 26 51 59 60 3053042
1036 10 27 36 39 41 52 33923689
1037 4 36 44 46 53 56 17550711
1038 6 7 28 35 43 51 21328605
1039 2 20 24 27 36 52 8865849
1040 1 6 28 39 44 55 1806461
1041 10 12 36 44 54 57 32449652
1042 13 18 25 30 46 51 38419099
1043 14 21 25 48 51 60 40068668
1044 10 11 13 35 39 58 32085399
1045 1 5 6 17 31 50 1198617
1046 28 40 42 54 55 57 49139071
1047 1 2 8 10 14 48 132898
1048 3 16 21 28 38 57 12602155
1049 2 5 17 29 34 52 5981503
1050 14 24 26 33 45 60 40270643
1051 7 10 11 13 43 57 24759390
1052 8 11 15 16 52 57 27636186
1053 15 27 34 42 49 53 41665636
1054 13 14 18 27 41 60 37837976
1055 12 15 16 20 27 32 36424402
1056 6 8 38 50 53 59 21630278
1057 2 3 4 15 49 59 5019860
1058 18 20 24 45 51 57 44100667
1059 1 12 14 16 37 45 3117385
1060 1 3 16 18 41 42 671860
1061 9 21 23 30 41 56 31408363
1062 2 8 23 33 37 55 6920314
1063 1 22 44 47 49 50 4502273
1064 4 16 19 28 29 49 16402710
1065 7 19 30 39 43 57 26328108
1066 6 10 25 32 43 49 22062152
1067 4 10 14 25 28 56 15306434
1068 25 27 44 47 48 57 48201189
1069 9 17 28 45 49 53 31055325
1070 5 8 16 23 41 53 18331526
1071 5 7 37 43 53 54 18194938
1072 9 18 19 43 47 54 31101698
1073 8 25 32 34 36 44 29357341
1074 3 10 23 29 47 50 11586220
1075 10 12 16 21 39 53 32315749
1076 4 10 19 32 33 42 15371749
1077 5 6 9 11 18 37 17642467
1078 3 6 34 41 43 45 10597028
1079 5 12 24 28 36 37 19297717
1080 11 18 20 34 41 56 35135211
1081 9 16 24 29 52 56 30904960
1082 4 17 38 40 50 55 16624321
1083 10 20 23 28 42 43 33443977
1084 5 20 29 33 40 59 20381596
1085 12 21 39 40 50 55 37209416
1086 2 4 6 10 23 45 5432154
1087 3 20 28 32 36 46 13078074
1088 6 24 31 35 42 57 23833496
1089 2 18 20 32 37 48 8642903
1090 9 20 24 36 40 42 31335255
1091 17 23 24 27 49 56 43467089
1092 1 9 30 33 34 40 2626651
1093 19 23 27 38 41 49 45088933
1094 9 10 21 36 41 48 29851182
1095 10 16 21 23 27 36 32996579
1096 3 13 14 16 41 52 12065061
1097 1 17 21 33 48 56 3958542
1098 11 20 21 30 50 52 35335672
1099 14 31 35 38 44 55 40563971
1100 7 17 18 33 41 42 26028738
1101 6 7 10 12 24 57 21118781
1102 9 11 23 35 46 51 30079071
1103 10 19 28 41 55 56 33386819
1104 2 3 6 35 49 58 5082788
1105 1 15 28 43 50 57 3747939
1106 4 15 43 47 50 60 16370954
1107 3 9 20 36 53 54 11333107
1108 7 9 39 43 44 60 24750535
1109 6 8 11 14 29 52 21410206
1110 6 14 26 28 42 45 22814437
1111 4 9 25 32 33 43 15190360
1112 4 32 34 43 52 58 17481484
1113 3 6 29 36 47 59 10579530
1114 3 15 16 22 25 54 12409061
1115 18 30 37 41 44 50 44665614
1116 4 9 13 17 20 47 15054865
1117 1 6 17 27 35 40 1714690
1118 8 20 21 43 44 55 28964276
1119 10 34 41 44 45 54 34102833
1120 7 35 40 44 50 55 27047795
1121 4 17 18 54 56 59 16520869
1122 26 44 46 49 55 56 48713408
1123 4 14 19 39 45 60 16121965
1124 7 11 16 18 33 49 25051903
1125 3 7 29 33 42 56 10871376
1126 4 31 42 52 57 59 17473549
1127 5 8 14 24 29 30 18304405
1128 8 16 24 39 52 60 28559069
1129 12 17 19 32 47 55 36725121
1130 5 18 23 32 49 54 20154135
1131 1 8 16 34 36 49 2268788
1132 12 27 30 33 52 55 37524649
1133 5 10 16 21 39 58 18810323
1134 9 22 29 36 51 56 31518929
1135 4 5 6 19 23 39 13789065
1136 7 31 32 34 37 43 26964280
1137 19 21 25 28 43 50 44934249
1138 2 4 15 18 25 36 5607592
1139 9 28 31 36 37 42 31826978
1140 10 27 40 46 49 58 33930558
1141 9 37 40 50 58 60 32015785
1142 3 15 26 28 31 58 12502105
1143 3 30 35 44 47 60 13619814
1144 1 10 18 19 44 49 2764905
1145 3 16 19 24 33 60 12580839
1146 6 10 28 33 34 53 22078718
1147 6 23 31 33 39 52 23773904
1148 27 28 29 32 48 55 48720104
1149 7 8 23 36 46 54 24439254
1150 15 17 28 31 35 52 40916280
1151 1 4 14 21 25 51 1013642
1152 14 20 29 36 44 47 40005411
1153 6 17 19 34 46 55 23170131
1154 4 12 14 21 26 28 15710203
1155 20 28 40 41 51 58 46018252
1156 9 24 31 44 48 49 31653020
1157 9 29 41 43 46 49 31879831
1158 23 30 31 54 55 60 47572789
1159 5 6 34 46 53 55 17896335
1160 1 3 5 18 40 48 466543
1161 4 7 42 47 48 51 14722318
1162 18 22 25 30 31 41 44259287
1163 5 17 31 47 51 53 20087507
1164 6 14 17 26 40 49 22736346
1165 20 40 42 52 54 60 46206845
1166 22 28 30 31 35 54 47070438
1167 20 28 43 51 52 56 46021608
1168 4 5 20 47 53 56 14024962
1169 1 11 14 23 42 48 2928382
1170 11 13 27 34 46 49 34502483
1171 3 10 13 30 41 57 11474249
1172 6 12 28 43 52 56 22487719
1173 5 7 24 25 36 47 18138761
1174 6 7 39 47 51 52 21360695
1175 2 3 12 16 37 47 5193306
1176 11 14 21 30 33 49 34622617
1177 33 38 47 50 52 55 49740648
1178 1 22 30 45 50 53 4476532
1179 5 22 28 47 59 60 20535997
1180 12 30 34 44 57 60 37634329
1181 18 20 26 31 44 45 44109901
1182 2 4 29 52 56 60 5737159
1183 5 10 12 20 29 37 18750477
1184 4 9 23 27 28 30 15174337
1185 2 10 21 35 43 54 7385049
1186 7 8 12 13 15 41 24295616
1187 8 17 19 40 43 49 28640185
1188 9 20 44 52 59 60 31394516
1189 14 21 27 31 35 50 40076400
1190 10 11 19 37 53 56 32163210
1191 3 11 16 22 25 33 11723915
1192 17 20 49 52 57 59 43309008
1193 2 9 12 14 32 54 7029298
1194 6 13 24 41 50 53 22642830
1195 17 20 26 27 55 57 43257553
1196 3 6 19 20 58 60 10501947
1197 36 37 39 49 54 60 49889450
1198 22 29 36 41 48 58 47121605
1199 16 19 23 28 39 58 42184193
1200 3 10 11 39 54 56 11443623
1201 28 32 36 49 55 60 49048587
1202 8 9 11 48 53 60 27144163
1203 7 9 30 33 38 55 24726754
1204 5 10 25 39 43 52 18901591
1205 4 13 14 26 29 35 15891826
1206 2 6 11 36 37 48 6211827
1207 9 11 22 32 35 56 30070121
1208 1 12 20 26 45 54 3196597
1209 5 14 17 30 35 38 19575639
1210 3 7 9 10 31 34 10635991
1211 3 15 31 36 48 54 12528002
1212 2 23 33 35 40 50 9132555
1213 3 11 26 34 45 53 11819636
1214 5 29 30 36 41 48 20874662
1215 10 25 30 47 50 51 33820783
1216 4 7 13 25 27 58 14540299
1217 5 11 15 28 43 50 19013200
1218 10 23 29 31 33 46 33701779
1219 2 33 34 37 41 53 9490873
1220 5 15 43 48 52 55 19849793
1221 5 14 37 43 46 58 19693803
1222 5 8 19 26 48 57 18367902
1223 15 17 35 42 47 48 40942646
1224 19 21 27 41 53 57 44949802
1225 31 32 34 40 50 55 49474420
1226 10 31 40 50 55 56 34049426
1227 4 28 30 31 35 54 17362683
1228 10 23 36 50 52 60 33726489
1229 12 30 32 40 49 60 37628172
1230 9 12 19 22 35 37 30232067
1231 5 20 23 27 39 49 20344455
1232 8 11 12 15 18 22 27588787
1233 22 29 32 49 54 59 47112612
1234 3 5 19 24 30 35 10187977
1235 10 16 20 26 49 55 32989718
1236 3 8 17 20 38 53 11043120
1237 5 18 21 26 39 59 20135071
1238 13 14 24 39 40 45 37895093
1239 1 15 37 39 48 52 3774368
1240 8 9 12 22 42 49 27153100
1241 10 13 25 26 28 45 32580366
1242 11 34 45 48 51 54 36012637
1243 9 19 23 29 32 57 31234081
1244 2 8 15 25 34 45 6833662
1245 2 10 34 37 43 50 7452875
1246 10 37 40 43 57 59 34133982
1247 3 9 11 24 36 51 11207247
1248 20 33 34 57 58 60 46129798
1249 3 8 36 40 51 53 11164839
1250 1 2 24 40 51 59 364188
1251 5 27 34 46 48 52 20821461
1252 2 14 35 39 49 51 8203704
1253 2 17 23 43 44 51 8559050
1254 7 9 14 18 29 39 24582169
1255 5 23 38 39 51 54 20629601
1256 26 33 35 38 43 53 48623893
1257 2 15 26 27 30 52 8314468
1258 11 26 47 55 57 59 35801059
1259 4 6 39 46 54 58 14426548
1260 19 23 29 31 41 53 45096278
1261 10 14 22 41 42 53 32727462
1262 5 7 8 9 11 39 17911753
1263 4 18 26 36 41 53 16696178
1264 4 17 36 37 51 56 16620389
1265 13 19 24 46 50 60 38517575
1266 6 10 33 39 42 60 22098902
1267 4 20 30 41 47 58 16908962
1268 3 16 17 44 53 60 12565609
1269 4 5 15 17 27 51 13954790
1270 5 9 24 31 33 42 18662197
1271 1 2 39 48 52 59 418036
1272 13 26 27 28 35 52 39001843
1273 13 19 26 40 58 60 38529372
1274 13 17 21 39 40 59 38279917
1275 2 14 48 55 58 60 8217242
1276 5 9 11 22 36 40 18504517
1277 12 18 31 50 59 60 36917809
1278 4 16 24 25 30 56 16443527
1279 8 14 29 35 36 40 28300525
1280 6 10 16 20 29 54 21971833
1281 8 11 14 30 36 38 27630913
1282 4 23 39 52 55 56 17153472
1283 8 30 40 44 59 60 29557429
1284 20 21 26 29 31 36 45598422
1285 10 15 28 31 33 38 32911414
1286 2 5 28 33 51 52 6070812
1287 11 12 31 33 42 52 34340903
1288 17 30 32 40 42 56 43803128
1289 1 3 8 13 27 52 531804
1290 2 3 14 23 34 50 5230106
1291 18 40 47 54 57 58 44801830
1292 9 11 23 30 31 54 30076999
1293 1 13 24 40 44 50 3412272
1294 4 6 29 48 50 51 14401175
1295 2 5 15 20 43 57 5950727
1296 10 14 43 46 49 53 32799600
1297 2 5 11 13 56 59 5881643
1298 14 15 30 53 55 60 39447832
1299 8 22 32 43 53 56 29182218
1300 43 44 46 53 54 59 50046064
1301 3 16 23 25 51 56 12616970
1302 2 10 15 44 56 57 7320178
1303 8 19 46 51 52 54 28954823
1304 7 14 15 20 23 35 25576060
1305 3 5 11 36 44 46 10082813
1306 6 19 22 34 43 45 23410731
1307 7 10 32 43 47 54 24966381
1308 7 8 24 30 33 47 24444091
1309 7 12 25 26 32 39 25335333
1310 8 9 14 32 53 59 27189797
1311 7 9 12 19 45 54 24551969
1312 5 20 22 28 29 30 20336907
1313 1 4 26 39 43 49 1138717
1314 38 42 44 52 58 60 49978802
1315 1 27 29 38 50 52 4735992
1316 8 13 25 34 42 48 28116276
1317 6 13 29 30 35 37 22666908
1318 11 14 16 28 34 46 34568240
1319 4 5 16 18 27 51 13968895
1320 17 24 25 38 41 55 43536338
1321 10 47 51 53 59 60 34171712
1322 10 21 43 47 53 55 33594711
1323 6 15 25 37 48 55 22960734
1324 18 29 31 44 51 57 44623813
1325 2 5 16 20 35 43 5963793
1326 10 11 18 19 30 50 32143241
1327 16 35 36 41 52 54 42940049
1328 10 23 27 43 53 59 33695641
1329 7 8 11 39 43 50 24294068
1330 8 18 21 30 48 49 28768284
1331 9 24 26 39 46 57 31629608
1332 3 5 13 24 35 59 10111041
1333 25 26 28 33 42 51 48123397
1334 1 6 8 10 25 27 1552923
1335 3 14 20 22 49 51 12304964
1336 1 32 38 47 51 54 4900463
1337 2 20 35 38 45 51 8916190
1338 1 18 19 33 43 60 4051387
1339 7 10 14 16 54 59 24811175
1340 13 21 30 36 59 60 38721101
1341 1 11 20 37 40 52 3006143
1342 5 7 42 46 50 60 18201031
1343 19 20 31 42 51 56 44884857
1344 8 19 21 36 42 59 28871513
1345 7 17 19 26 40 50 26036328
1346 12 32 40 47 48 59 37688870
1347 9 19 45 46 54 56 31303254
1348 7 12 38 39 45 56 25385322
1349 9 19 20 50 51 60 31213456
1350 3 4 29 36 45 55 9922193
1351 13 33 36 41 50 56 39233913
1352 9 18 24 35 36 59 31142250
1353 3 11 13 27 32 47 11684512
1354 2 8 38 42 48 49 6981334
1355 11 17 24 39 46 49 35057109
1356 6 13 21 22 31 46 22611649
1357 1 19 24 26 52 55 4192066
1358 3 15 16 35 37 47 12415532
1359 6 10 12 17 28 53 21910511
1360 2 16 17 25 50 54 8372488
1361 23 27 30 37 38 44 47472317
1362 2 12 19 22 36 58 7766214
1363 25 35 42 45 52 57 48384024
1364 10 13 20 40 44 53 32546564
1365 2 24 26 32 35 50 9161548
1366 12 27 37 44 54 59 37545581
1367 2 7 13 29 38 43 6535709
1368 10 21 26 29 32 38 33546132
1369 5 16 24 32 38 46 19925751
1370 2 4 5 27 49 59 5422119
1371 3 4 8 11 47 49 9666554
1372 3 36 40 46 58 60 13727894
1373 7 27 39 52 55 57 26862990
1374 6 21 28 31 33 43 23620956
1375 14 25 28 45 53 58 40335971
1376 9 11 21 49 53 54 30065073
1377 2 5 12 13 25 35 5898326
1378 2 5 17 18 54 59 5974835
1379 5 12 36 45 50 58 19350753
1380 3 14 52 55 57 60 12404771
1381 11 27 30 40 44 57 35814040
1382 5 13 16 17 27 55 19391621
1383 7 9 23 44 46 55 24690619
1384 2 18 30 31 45 56 8706666
1385 27 35 36 37 42 59 48890611
1386 12 28 38 39 51 56 37582287
1387 18 27 32 43 50 52 44559530
1388 22 29 31 43 50 54 47108786
1389 1 16 28 39 44 57 3882965
1390 4 19 27 28 29 31 16799652
1391 7 12 19 34 40 53 25290009
1392 2 8 12 28 33 43 6789634
1393 4 18 24 28 39 44 16680665
1394 11 16 24 35 46 50 34932730
1395 5 11 17 19 44 48 19033099
1396 29 48 52 54 55 58 49326685
1397 3 4 7 15 27 56 9648245
1398 14 32 33 40 42 51 40579909
1399 34 39 43 56 57 60 49810894
1400 9 26 34 43 53 54 31760487
1401 11 12 25 33 48 54 34312383
1402 2 9 10 21 27 38 6999453
1403 13 16 20 26 39 42 38142677
1404 7 8 27 31 32 51 24462459
1405 3 14 17 32 37 39 12277894
1406 7 10 17 24 38 57 24856836
1407 18 29 31 42 43 53 44623453
1408 4 19 20 24 39 43 16747269
1409 6 19 26 47 50 58 23440588
1410 18 29 40 42 50 54 44642451
1411 8 12 32 44 46 48 27971898
1412 6 8 24 37 41 45 21576873
1413 13 15 33 45 54 55 38086503
1414 21 37 44 46 49 57 46765346
1415 26 36 40 46 49 51 48671179
1416 3 19 22 24 35 49 12944944
1417 5 12 45 52 56 59 19360453
1418 7 8 10 12 27 56 24259292
1419 17 21 30 48 52 58 43363994
1420 2 11 16 18 36 45 7534096
1421 19 31 39 44 53 59 45442150
1422 2 5 13 17 39 44 5918809
1423 3 8 21 25 27 43 11087307
1424 3 7 15 29 38 60 10752202
1425 7 16 29 36 38 50 25986642
1426 6 15 18 24 30 44 22895415
1427 8 39 44 47 53 56 29682860
1428 7 15 19 34 37 55 25780493
1429 9 12 22 39 48 60 30266885
1430 2 19 22 30 46 52 8761130
1431 5 9 13 33 40 54 18543639
1432 16 24 25 42 45 59 42574534
1433 4 13 14 40 46 52 15897061
1434 3 18 22 34 55 58 12848513
1435 4 15 45 47 50 52 16371961
1436 1 13 23 24 30 57 3398824
1437 22 23 26 37 38 48 46818892
1438 7 14 31 33 36 49 25708663
1439 2 34 35 42 43 55 9509115
1440 2 6 28 36 51 56 6387968
1441 17 29 36 38 53 56 43785304
1442 12 13 20 30 34 49 36162623
1443 12 20 32 48 52 54 37113611
1444 2 5 27 28 48 55 6063790
1445 5 19 32 41 49 58 20303286
1446 6 13 24 32 40 51 22640376
1447 1 19 28 33 39 41 4217874
1448 1 25 29 36 56 60 4648259
1449 2 6 18 30 52 56 6309970
1450 26 27 31 38 44 45 48456194
1451 2 10 11 33 52 57 7254910
1452 2 14 28 50 57 58 8181663
1453 6 13 25 32 47 57 22647039
1454 4 27 29 41 48 52 17325580
1455 14 32 33 36 41 52 40579008
1456 6 8 14 26 36 40 21468270
1457 15 16 34 42 46 59 40816934
1458 2 4 16 33 44 51 5629881
1459 2 6 30 34 35 52 6395679
1460 4 14 27 38 50 52 16182157
1461 31 36 44 47 49 54 49544169
1462 5 9 25 27 38 40 18667058
1463 13 22 28 29 40 48 38783688
1464 2 24 32 50 54 59 9190899
1465 6 11 16 26 44 53 22187949
1466 4 6 13 34 37 51 14251687
1467 23 24 26 41 52 53 47314704
1468 1 2 10 19 20 37 182507
1469 4 13 35 54 56 58 16048807
1470 2 34 36 38 51 55 9510515
1471 10 25 33 36 40 58 33828762
1472 12 18 23 25 45 50 36868975
1473 2 12 33 57 58 60 7858646
1474 1 2 3 11 28 43 10323
1475 12 13 37 44 48 51 36248919
1476 4 10 26 37 47 57 15428436
1477 3 4 46 50 56 59 9954664
1478 10 27 37 40 47 55 33925746
1479 21 48 50 54 57 60 46800212
1480 9 14 21 26 36 52 30595127
1481 17 27 28 40 44 55 43692845
1482 6 9 11 34 41 53 21672981
1483 1 35 39 53 55 56 4947222
1484 17 20 24 29 49 53 43245936
1485 4 27 30 36 54 59 17328643
1486 1 6 10 34 40 54 1610780
1487 4 9 17 23 28 53 15114681
1488 4 22 25 38 45 51 17039468
1489 1 15 24 26 28 48 3719230
1490 1 3 31 32 43 52 792109
1491 6 26 45 50 56 60 23956948
1492 4 9 18 44 46 48 15133771
1493 7 12 24 27 30 49 25329269
1494 2 14 24 28 35 50 8153573
1495 4 13 14 44 49 57 15897682
1496 14 18 28 41 47 54 39809360
1497 4 5 7 27 45 58 13818275
1498 6 11 27 40 46 49 22287649
1499 8 22 26 33 37 54 29153838
1500 10 18 31 43 57 59 33298057
1501 1 7 13 29 37 54 1953582
1502 6 22 43 51 52 57 23732258
1503 3 4 16 22 36 42 9811311
1504 2 10 12 30 41 42 7270913
1505 1 2 6 9 16 32 86220
1506 3 14 18 34 42 49 12290160
1507 24 46 50 51 52 56 48113740
1508 17 18 30 35 39 58 43086821
1509 1 6 27 46 51 59 1802555
1510 1 8 17 44 46 53 2283358
1511 4 8 17 29 31 45 14868138
1512 11 28 35 42 46 58 35865109
1513 17 28 31 56 57 58 43742270
1514 16 17 23 42 59 60 41975349
1515 4 13 14 18 49 59 15886764
1516 4 18 20 34 45 60 16650661
1517 7 17 38 45 52 56 26135980
1518 8 9 28 41 48 55 27319280
1519 5 6 15 23 56 59 17754903
1520 7 31 35 36 46 48 26972848
1521 11 14 18 30 33 39 34592928
1522 5 8 23 32 33 56 18405549
1523 22 25 31 39 41 44 46953279
1524 2 12 40 46 52 53 7870954
1525 2 26 30 35 46 54 9280444
1526 10 16 28 47 51 59 33050869
1527 16 32 36 42 44 48 42894954
1528 4 13 15 19 36 58 15901552
1529 11 15 17 34 35 49 34731964
1530 10 16 28 33 48 53 33048194
1531 12 13 24 41 42 44 36198366
1532 2 11 23 31 42 44 7611750
1533 13 21 29 34 47 57 38716384
1534 1 12 28 29 34 48 3253290
1535 8 9 25 41 54 55 27302931
1536 13 18 29 32 50 58 38440831
1537 6 10 33 50 51 56 22100225
1538 23 27 35 52 53 57 47489010
1539 8 10 20 26 49 58 27489149
1540 3 17 27 32 47 54 12768730
1541 5 24 37 44 49 58 20687721
1542 7 11 12 30 39 57 25000643
1543 7 15 20 23 30 41 25785007
1544 2 21 30 35 45 50 8982925
1545 4 6 11 24 45 48 14213781
1546 4 17 38 44 53 60 16624930
1547 2 9 10 18 21 28 6996889
1548 19 41 42 44 47 54 45552140
1549 10 12 16 20 32 53 32314840
1550 9 13 21 27 36 56 30432474
1551 2 15 19 21 23 38 8255646
1552 7 18 24 26 39 46 26190599
1553 20 21 22 29 46 60 45571322
1554 30 32 49 50 52 53 49371320
1555 2 5 23 33 52 59 6040742
1556 1 4 7 10 11 52 872961
1557 4 16 18 31 45 46 16393713
1558 7 15 17 31 42 54 25757398
1559 8 12 16 29 37 58 27852535
1560 20 30 36 38 47 53 46070723
1561 23 26 28 54 55 60 47424830
1562 10 12 23 37 47 51 32392953
1563 1 6 13 20 36 43 1655338
1564 25 38 44 46 53 54 48412155
1565 18 37 39 41 43 51 44777326
1566 5 6 11 32 36 60 17696247
1567 2 15 30 38 48 53 8337725
1568 19 24 25 28 42 58 45133005
1569 5 15 18 31 42 53 19736682
1570 15 18 24 42 46 56 41008316
1571 3 29 32 46 55 60 13584848
1572 20 27 42 45 46 47 45984525
1573 7 16 21 35 36 38 25935523
1574 6 27 28 33 46 48 23960371
1575 1 4 5 14 45 56 830226
1576 13 15 21 26 30 46 38015844
1577 11 14 25 32 51 59 34653617
1578 3 6 30 37 53 56 10583897
1579 25 34 40 49 51 60 48369874
1580 1 6 14 17 33 36 1667975
1581 14 15 25 30 31 34 39418430
1582 1 4 13 17 38 48 995621
1583 2 9 17 18 45 47 7104434
1584 3 22 27 28 50 54 13227735
1585 2 43 47 48 49 55 9581319
1586 8 39 43 46 47 58 29682167
1587 8 19 21 30 52 56 28869599
1588 23 29 32 36 45 49 47546550
1589 4 5 11 19 41 51 13893947
1590 7 20 34 40 44 55 26432157
1591 4 10 23 33 38 55 15407458
1592 31 36 38 41 42 49 49537888
1593 4 9 17 18 21 38 15110711
1594 6 7 8 23 43 53 21088372
1595 2 5 8 42 46 59 5838108
1596 1 5 7 10 12 45 1214057
1597 5 10 16 44 50 52 18819061
1598 29 31 36 42 47 53 49197297
1599 3 10 15 35 36 58 11505275
1600 9 23 32 35 46 57 31595634
1601 8 10 24 45 56 60 27527214
1602 8 12 22 35 40 44 27916715
1603 13 20 27 31 53 60 38623684
1604 2 21 24 27 40 51 8948185
1605 9 19 21 30 31 42 31218267
1606 1 15 37 42 46 54 3774859
1607 7 31 32 41 51 52 26966137
1608 5 6 17 43 54 59 17787569
1609 2 6 13 26 53 60 6241622
1610 1 4 9 35 36 53 934087
1611 24 28 47 50 51 58 47913819
1612 6 13 17 36 42 51 22577160
1613 4 18 31 44 46 49 16720343
1614 14 17 21 27 43 49 39646589
1615 5 20 26 31 33 44 20365780
1616 28 31 40 42 46 58 49033159
1617 3 23 26 31 47 54 13289597
1618 9 20 24 43 51 52 31336763
1619 5 8 17 42 46 47 18350895
1620 13 23 27 34 38 57 38846636
1621 10 22 24 38 39 49 33610552
1622 4 5 7 21 45 53 13814587
1623 33 43 49 50 56 59 49761205
1624 2 27 32 41 47 58 9329642
1625 11 22 36 40 45 52 35566223
1626 3 5 14 35 43 52 10131218
1627 20 26 32 41 45 57 45925672
1628 26 29 34 38 50 60 48532510
1629 4 20 24 35 47 59 16876132
1630 1 7 30 43 44 54 2108490
1631 4 29 44 47 48 60 17423341
1632 6 18 24 27 56 59 23321659
1633 1 2 11 13 36 49 195892
1634 9 10 23 33 44 51 29866541
1635 8 23 28 30 32 51 29229036
1636 19 26 33 35 51 52 45269322
1637 1 5 24 47 55 56 1468420
1638 1 2 38 41 42 58 415831
1639 16 29 34 35 49 51 42817583
1640 2 6 18 23 31 46 6305872
1641 23 29 30 33 46 51 47538735
1642 3 23 42 43 47 60 13335893
1643 16 19 20 28 37 60 42158807
1644 10 13 16 22 34 60 32494709
1645 8 18 21 31 37 38 28768492
1646 19 23 34 40 41 58 45115312
1647 12 17 23 38 53 54 36762138
1648 15 16 18 20 22 48 40710267
1649 24 33 38 42 44 54 48027081
1650 17 23 29 38 57 60 43498501
1651 8 27 35 38 41 44 29453627
1652 7 24 26 28 44 57 26677929
1653 1 21 22 27 32 45 4350965
1654 7 16 33 42 50 58 26001959
1655 7 24 28 46 53 56 26693039
1656 4 6 11 43 54 56 14220339
1657 7 10 14 37 45 54 24822553
1658 7 11 19 23 40 49 25090255
1659 4 10 20 33 37 49 15382085
1660 8 17 34 38 42 51 28726090
1661 13 16 27 43 48 58 38198611
1662 10 14 25 29 33 57 32745197
1663 18 20 27 40 49 55 44117946
1664 8 21 23 29 36 48 29058755
1665 1 5 11 16 20 56 1301721
1666 1 2 23 27 45 51 352655
1667 7 12 24 44 51 56 25334571
1668 5 40 47 52 55 57 21057897
1669 28 29 31 45 48 49 48963474
1670 1 17 19 30 33 47 3938094
1671 21 27 31 45 55 56 46539681
1672 1 3 5 10 20 42 457827
1673 5 10 23 24 35 47 18881927
1674 22 30 42 50 58 59 47157491
1675 3 18 34 35 36 56 12907410
1676 1 2 11 37 48 51 210548
1677 10 15 28 33 51 52 32912472
1678 9 11 17 19 35 52 30013138
1679 1 2 27 28 46 47 378286
1680 23 37 38 46 47 51 47697661
1681 1 6 8 11 33 50 1554366
1682 7 13 35 37 39 51 25557801
1683 4 12 32 33 34 48 15859383
1684 9 12 18 31 39 50 30226292
1685 3 18 31 39 46 51 12899759
1686 9 14 37 44 46 55 30674135
1687 15 24 37 46 49 58 41532532
1688 18 23 30 32 42 56 44351339
1689 2 5 13 27 41 53 5925742
1690 21 24 26 35 45 53 46375457
1691 1 10 24 39 45 58 2827284
1692 11 13 14 27 44 56 34377340
1693 5 15 18 19 21 38 19729073
1694 20 29 34 37 45 57 46038740
1695 24 36 38 43 44 58 48065447
1696 1 12 17 31 37 46 3166751
1697 8 23 30 51 53 58 29241931
1698 11 13 24 28 44 45 34482105
1699 1 6 10 30 33 38 1609143
1700 15 18 41 48 50 58 41063989
1701 3 9 18 32 40 56 11311148
1702 17 19 33 35 39 52 43197940
1703 3 23 26 35 39 49 13290814
1704 1 7 11 32 51 59 1921512
1705 25 27 29 37 50 51 48170074
1706 12 31 34 36 48 56 37656549
1707 7 16 20 27 36 52 25923242
1708 17 29 32 38 45 50 43775365
1709 7 19 30 35 42 47 26327111
1710 7 21 28 56 58 59 26494657
1711 22 26 38 39 45 50 47016163
1712 2 12 19 29 50 59 7770387
1713 3 10 16 23 27 29 11512768
1714 2 8 24 36 51 52 6928569
1715 16 20 35 40 53 60 42332989
1716 2 25 36 41 42 53 9252115
1717 2 9 16 37 44 58 7101798
1718 4 30 31 32 47 53 17425806
1719 1 22 31 34 44 54 4477967
1720 18 23 31 39 49 57 44357038
1721 4 12 19 33 36 38 15778627
1722 9 23 39 41 49 58 31611492
1723 14 27 30 46 52 60 40431908
1724 27 33 37 39 58 60 48865376
1725 16 18 26 30 31 34 42103272
1726 3 10 42 49 54 57 11653605
1727 4 6 19 20 40 41 14321555
1728 3 8 28 39 42 59 11139204
1729 7 14 23 43 44 53 25668774
1730 1 10 17 24 42 51 2756914
1731 5 18 27 43 49 59 20181861
1732 25 34 38 45 53 60 48367129
1733 3 5 9 14 41 46 10031582
1734 12 17 25 29 41 52 36772716
1735 6 16 33 34 45 46 23130418
1736 12 13 24 29 32 41 36194612
1737 5 8 42 50 51 59 18472008
1738 12 28 37 46 48 53 37581680
1739 9 10 17 32 34 46 29808615
1740 10 15 25 38 47 53 32897416
1741 15 18 20 32 48 49 40973389
1742 11 19 21 23 27 52 35240089
1743 4 10 29 31 34 35 15441195
1744 9 12 14 29 42 56 30174259
1745 9 13 18 47 52 60 30408217
1746 6 18 37 40 41 58 23375859
1747 6 33 34 48 53 59 24140773
1748 2 10 13 41 49 53 7290346
1749 3 13 14 29 33 43 12073621
1750 15 17 20 31 41 48 40860975
1751 15 22 23 42 51 57 41349958
1752 9 36 37 53 55 60 32002996
1753 8 15 29 35 45 54 28449705
1754 20 27 30 31 40 53 45956888
1755 2 5 8 18 30 48 5827089
1756 6 13 14 28 35 45 22534296
1757 13 25 28 37 43 56 38963784
1758 6 11 16 23 36 42 22185996
1759 2 14 21 22 51 60 8127025
1760 10 24 25 36 47 48 33741694
1761 9 10 36 50 53 55 29924868
1762 26 32 42 45 55 59 48617150
1763 9 12 15 21 31 36 30183532
1764 6 7 29 39 41 55 21334039
1765 1 6 28 37 56 58 1806137
1766 22 23 41 46 53 60 46863021
1767 16 26 35 39 44 45 42712437
1768 5 7 11 34 35 50 17989714
1769 32 37 44 47 54 60 49651350
1770 11 26 27 30 34 41 35756464
1771 2 20 27 28 32 38 8884214
1772 12 19 27 39 41 45 37000514
1773 15 30 39 41 45 59 41769234
1774 1 12 20 30 52 60 3198604
1775 2 18 31 42 51 56 8713227
1776 10 11 14 19 39 48 32092209
1777 4 19 38 44 52 55 16838118
1778 4 10 38 40 45 48 15468092
1779 12 25 30 39 56 57 37438972
1780 6 20 22 31 33 34 23500841
1781 1 8 22 49 52 53 2333411
1782 6 18 34 47 52 57 23370760
1783 4 6 16 18 21 38 14284920
1784 4 15 26 30 54 55 16323209
1785 5 11 27 41 42 54 19125253
1786 2 6 8 21 25 34 6145507
1787 1 5 13 25 26 29 1342123
1788 3 13 42 45 56 59 12238147
1789 6 25 43 57 58 59 23909680
1790 11 13 26 27 28 50 34493767
1791 12 18 46 50 53 55 36940533
1792 2 16 17 18 41 47 8367420
1793 13 14 22 54 56 58 37881690
1794 1 5 34 37 40 60 1510714
1795 30 42 47 50 55 58 49460670
1796 22 23 34 48 53 54 46852085
1797 2 13 14 35 54 57 7889060
1798 2 9 23 28 45 53 7168325
1799 1 3 4 39 51 53 450617
1800 6 11 16 19 31 56 22182990
1801 6 19 34 43 45 54 23471556
1802 2 6 13 14 17 44 6231528
1803 4 8 29 38 49 50 14963394
1804 20 21 28 48 50 59 45613497
1805 17 22 27 31 49 57 43420832
1806 11 20 35 42 55 58 35408558
1807 1 15 16 22 25 43 3639828
1808 2 14 20 25 41 45 8119627
1809 9 12 23 24 46 54 30268814
1810 1 10 25 43 50 56 2834537
1811 5 17 32 35 37 57 20088556
1812 20 23 32 34 37 45 45766240
1813 9 11 13 15 19 51 29954132
1814 9 11 27 46 51 53 30106189
1815 8 11 25 39 41 60 27744595
1816 5 10 12 22 28 46 18751899
1817 1 4 26 39 47 55 1138781
1818 2 6 10 15 53 56 6181477
1819 17 18 26 30 33 37 43065928
1820 3 19 23 27 40 45 12954504
1821 19 22 31 36 52 53 45039720
1822 1 22 26 43 50 53 4457336
1823 4 9 21 34 54 59 15161497
1824 5 6 12 19 30 60 17706000
1825 10 11 21 50 51 54 32183863
1826 17 19 32 43 48 51 43196778
1827 26 33 42 43 53 54 48634459
1828 6 11 32 40 48 59 22308129
1829 7 13 24 30 32 53 25509091
1830 3 7 29 37 54 60 10872672
1831 15 27 28 32 48 55 41642157
1832 14 34 46 47 56 57 40629965
1833 2 3 7 16 27 42 5094781
1834 2 17 22 24 48 51 8544874
1835 8 28 36 47 50 58 29493005
1836 8 15 18 45 59 60 28371196
1837 41 44 48 50 54 57 50031727
1838 5 8 24 30 57 59 18412256
1839 7 22 28 32 56 58 26565194
1840 15 17 33 41 47 48 40937593
1841 3 6 13 38 49 51 10433129
1842 16 18 22 24 34 43 42072843
1843 8 26 28 33 41 54 29388022
1844 3 4 37 39 48 50 9945531
1845 3 9 13 29 30 51 11243244
1846 6 24 26 30 34 49 23808931
1847 1 6 45 49 50 57 1842298
1848 9 40 41 50 55 58 32034888
1849 3 5 11 27 35 44 10079199
1850 23 24 32 38 40 41 47339860
1851 8 18 21 22 35 37 28763662
1852 13 17 29 45 49 50 38331704
1853 1 2 34 39 41 45 407804
1854 25 30 31 34 43 59 48271706
1855 6 10 15 24 38 39 21961548
1856 2 9 14 22 32 37 7067420
1857 13 23 25 35 52 53 38835695
1858 22 28 30 33 55 59 47071462
1859 1 13 14 21 26 51 3299553
1860 10 30 36 40 44 60 34018768
1861 2 4 9 35 45 60 5516381
1862 2 8 35 42 49 56 6976017
1863 16 23 45 56 58 59 42567540
1864 4 5 14 37 40 60 13951517
1865 1 5 31 32 37 42 1500327
1866 14 17 36 38 44 60 39722157
1867 3 10 17 21 22 43 11523579
1868 1 5 23 25 28 31 1454510
1869 11 23 24 26 40 52 35579060
1870 18 20 30 32 33 40 44129014
1871 3 11 17 33 52 58 11742359
1872 11 13 25 39 46 56 34492320
1873 5 25 28 41 53 54 20712597
1874 10 28 37 43 44 47 33962116
1875 1 45 47 52 53 55 5002586
1876 7 18 39 41 44 51 26248629
1877 13 16 23 24 32 35 38166691
1878 12 16 26 40 56 57 36658815
1879 5 10 20 57 58 59 18864032
1880 5 16 19 37 51 56 19885096
1881 3 10 30 44 53 56 11628858
1882 9 10 19 35 37 41 29831798
1883 16 27 28 47 59 60 42731226
1884 1 4 23 32 38 59 1117017
1885 7 14 18 23 32 59 25615547
1886 3 7 15 40 45 54 10755677
1887 11 23 34 41 46 56 35628133
1888 1 10 17 18 45 48 2752619
1889 16 23 25 28 30 44 42511140
1890 5 11 22 24 51 53 19086303
1891 1 3 19 23 47 58 710160
1892 6 17 22 30 37 50 23195959
1893 16 17 19 28 45 58 41935873
1894 21 31 35 53 54 57 46669779
1895 2 3 5 10 15 34 5039725
1896 3 6 14 15 21 25 10434947
1897 9 22 25 47 52 58 31499782
1898 12 34 45 53 55 58 37725156
1899 20 23 35 36 44 48 45774777
1900 8 11 27 28 43 46 27752426
1901 11 12 26 30 37 53 34317044
1902 2 7 9 18 21 25 6456661
1903 9 10 15 28 43 45 29781534
1904 12 15 18 21 51 56 36449480
1905 29 35 43 54 56 57 49272040
1906 6 27 33 39 40 60 23980289
1907 3 25 35 38 44 48 13436654
1908 4 10 13 23 27 57 15289998
1909 11 40 43 45 47 57 36061624
1910 6 9 15 22 39 48 21729982
1911 16 18 23 30 32 33 42083630
1912 10 13 33 35 36 42 32619077
1913 4 14 17 43 52 56 16100548
1914 16 29 33 39 42 44 42815848
1915 2 20 21 33 48 57 8845249
1916 3 9 18 23 50 52 11306795
1917 4 21 25 33 36 46 16964092
1918 16 17 20 22 38 50 41942143
1919 11 28 37 45 54 60 35869343
1920 25 31 33 39 43 45 48302914
1921 10 15 16 19 28 35 32804469
1922 20 22 36 38 41 43 45711184
1923 9 34 42 45 46 59 31985013
1924 12 16 30 52 53 58 36678856
1925 1 17 38 43 45 47 4035675
1926 2 3 14 20 30 46 5227882
1927 5 11 13 19 30 31 18977812
1928 10 26 28 51 53 59 33858838
1929 3 10 23 36 43 52 11588635
1930 4 17 18 37 52 56 16519093
1931 2 8 9 15 22 34 6724723
1932 10 16 21 29 44 55 33000281
1933 2 14 15 19 35 59 8057792
1934 8 23 35 39 56 59 29255456
1935 1 3 10 17 23 24 575937
1936 3 12 24 40 51 52 12003215
1937 6 10 24 29 43 55 22054394
1938 10 16 32 40 42 54 33065378
1939 7 24 29 39 45 52 26696480
1940 9 13 16 17 36 47 30372080
1941 1 9 24 38 48 49 2596804
1942 6 18 20 24 43 48 23287349
1943 9 11 12 30 39 43 29948649
1944 8 9 39 47 57 59 27350005
1945 4 8 10 21 45 54 14756914
1946 4 6 39 44 52 60 14426341
1947 8 33 40 52 55 59 29619698
1948 12 20 24 28 33 57 37070121
1949 1 6 14 22 30 56 1671816
1950 10 21 32 34 48 57 33574259
1951 14 16 19 21 33 55 39500268
1952 9 21 36 38 52 53 31466442
1953 9 26 29 42 43 45 31743712
1954 9 25 33 35 40 49 31709717
1955 15 27 33 36 41 45 41661704
1956 5 8 20 28 40 45 18378670
1957 2 14 22 23 29 47 8135685
1958 15 20 22 24 34 55 41179507
1959 8 21 27 35 43 56 29086223
1960 1 18 25 37 39 43 4101360
1961 17 25 26 30 32 50 43591950
1962 5 6 15 25 39 53 17755918
1963 4 5 7 34 42 60 13821085
1964 2 27 32 36 48 50 9328591
1965 26 28 35 38 48 55 48503319
1966 10 13 19 32 40 60 32534485
1967 13 30 32 39 46 54 39161879
1968 35 36 39 44 48 52 49837637
1969 8 20 30 32 48 59 29016584
1970 5 10 18 24 39 52 18836137
1971 4 10 41 44 52 54 15472194
1972 9 16 20 54 57 59 30876978
1973 1 12 16 17 52 60 3145962
1974 4 19 27 38 54 57 16803548
1975 8 11 24 26 47 57 27733486
1976 12 14 19 25 52 59 36313750
1977 3 16 28 32 34 37 12650016
1978 2 6 22 44 55 57 6351604
1979 22 23 29 32 38 45 46832295
1980 12 16 17 18 34 37 36571102
1981 6 15 19 37 39 53 22911678
1982 4 14 20 24 46 50 16126039
1983 5 6 10 14 22 36 17665468
1984 21 29 32 35 43 50 46608405
1985 9 28 29 34 36 55 31818678
1986 23 36 43 44 55 56 47693618
1987 10 14 31 34 45 58 32775948
1988 5 10 39 42 46 54 18948527
1989 15 22 30 32 40 58 41385985
1990 11 24 26 34 37 59 35653822
1991 19 20 28 34 36 44 44870612
1992 5 11 13 21 53 54 18979770
1993 6 17 33 48 50 57 23256279
1994 2 5 12 32 40 44 5911679
1995 14 26 29 35 37 39 40384746
1996 7 20 21 24 40 56 26358787
1997 1 7 14 31 35 46 1969548
1998 8 21 24 25 52 57 29064102
1999 15 37 38 42 49 50 41876955
2000 3 6 10 17 34 37 10370109
2001 20 22 36 42 52 60 45712068
2002 4 28 30 38 46 59 17365011
2003 28 34 40 43 50 51 49086309
2004 1 5 14 23 35 45 1356355
2005 11 19 22 33 34 53 35253574
2006 1 9 14 20 25 54 2483660
2007 4 14 39 41 54 58 16217699
2008 22 27 33 42 58 59 47047475
2009 1 37 44 46 48 50 4970477
2010 8 10 18 34 39 56 27471836
2011 2 28 32 35 54 58 9364334
2012 8 11 27 35 36 51 27754951
2013 6 23 30 36 53 56 23771344
2014 16 32 40 46 53 56 42901294
2015 17 18 27 32 39 58 43072330
2016 4 11 17 18 21 48 15552897
2017 2 10 11 24 38 56 7250491
2018 11 22 25 27 55 59 35520275
2019 23 41 46 52 54 59 47726375
2020 2 36 46 48 57 60 9544774
2021 7 14 32 37 40 60 25713190
2022 4 28 45 48 52 60 17392435
2023 1 6 7 8 23 56 1528281
2024 16 20 23 29 35 47 42275947
2025 4 24 46 52 55 56 17217361
2026 10 23 31 33 51 52 33710543
2027 11 15 29 37 39 44 34824823
2028 7 11 24 36 42 58 25138412
2029 6 15 18 33 37 40 22899808
2030 4 27 38 40 58 59 17349631
2031 18 23 37 39 50 55 44371942
2032 6 14 19 20 39 53 22754574
2033 10 18 33 38 40 43 33303195
2034 6 7 13 17 22 56 21175597
2035 30 35 36 38 49 52 49404726
2036 7 8 19 23 27 58 24397850
2037 14 16 23 30 45 60 39540823
2038 6 25 26 35 38 40 23863136
2039 6 12 22 28 31 44 22445194
2040 6 9 41 54 56 58 21883731
2041 10 12 22 25 42 54 32380337
2042 14 22 29 32 33 35 40159982
2043 21 38 53 56 57 58 46774859
2044 7 14 47 54 56 60 25734885
2045 15 25 27 45 46 50 41552692
2046 3 6 11 27 28 46 10395256
2047 1 18 19 29 44 54 4049827
2048 10 19 26 35 38 39 33374834
2049 10 19 27 31 51 53 33379145
2050 8 31 32 33 38 50 29562944
2051 1 5 6 37 44 53 1209476
2052 50 51 56 57 58 59 50063520
2053 12 22 27 37 40 55 37247520
2054 4 7 12 22 26 39 14522141
2055 6 25 35 43 46 53 23898635
2056 18 22 29 34 36 47 44281778
2057 10 13 20 37 38 54 32545823
2058 4 19 23 29 56 59 16775479
2059 4 5 36 40 44 56 14104773
2060 8 9 11 25 39 41 27137630
2061 33 36 40 44 45 54 49719830
2062 8 10 15 23 25 34 27429194
2063 6 10 19 24 25 29 22008899
2064 10 14 36 53 55 60 32791735
2065 4 11 20 30 37 43 15592820
2066 6 25 27 35 45 55 23868733
2067 2 11 13 26 32 59 7496890
2068 3 5 9 40 42 47 10045641
2069 3 17 34 35 40 48 12795558
2070 5 26 27 34 42 48 20752244
2071 24 33 34 35 46 60 48017997
2072 10 12 13 20 22 54 32271902
2073 12 15 18 30 52 55 36454566
2074 8 18 23 37 42 58 28786701
2075 7 9 23 33 57 59 24688346
2076 5 6 12 15 22 43 17702185
2077 13 16 26 35 37 39 38191329
2078 2 11 15 30 36 39 7528266
2079 1 2 14 37 55 58 259302
2080 10 22 40 46 55 58 33665997
2081 13 18 35 40 41 42 38461640
2082 6 25 33 42 48 49 23893620
2083 1 18 19 33 56 60 4051517
2084 7 20 26 37 38 39 26399973
2085 12 21 25 37 38 49 37162218
2086 4 35 43 46 47 53 17539465
2087 2 18 19 23 34 53 8628462
2088 3 14 24 27 38 56 12340258
2089 5 10 32 38 48 49 18933333
2090 8 11 18 37 40 51 27684556
2091 10 11 12 37 38 59 32069693
2092 11 13 15 17 22 27 34384033
2093 8 14 27 34 52 54 28291032
2094 4 16 19 31 33 44 16404125
2095 16 29 35 43 49 56 42821508
2096 6 11 13 19 24 51 22140147
2097 9 24 28 45 49 51 31640929
2098 2 8 18 27 38 60 6871925
2099 5 15 20 27 30 58 19755143
2100 1 10 11 13 35 49 2659224
2101 2 8 18 37 56 58 6875833
2102 4 6 17 34 51 57 14306865
2103 3 13 40 44 46 50 12236163
2104 2 10 12 27 45 56 7269597
2105 11 13 16 24 31 46 34402794
2106 3 27 36 39 40 43 13526109
2107 8 38 44 50 56 60 29677060
2108 19 22 29 41 44 59 45032975
2109 4 12 16 34 44 49 15744638
2110 5 10 12 18 25 33 18748743
2111 1 41 44 46 54 58 4992557
2112 17 39 43 46 52 53 43944278
2113 11 14 21 25 46 50 34620393
2114 17 25 30 35 42 57 43612913
2115 4 19 27 35 40 44 16802600
2116 1 9 19 21 34 54 2546586
2117 4 28 29 30 43 52 17358379
2118 11 12 20 40 41 46 34275025
2119 19 21 26 31 42 49 44941521
2120 13 20 24 25 38 41 38602579
2121 8 10 17 29 37 40 27458402
2122 3 11 15 21 27 49 11710051
2123 14 15 47 50 56 59 39474440
2124 2 11 20 31 43 47 7586425
2125 1 31 44 46 53 58 4885424
2126 7 12 24 27 39 58 25329503
2127 1 7 28 30 44 46 2096547
2128 11 16 24 46 54 55 34934747
2129 6 12 31 32 46 60 22497273
2130 13 16 36 53 54 55 38229598
2131 2 3 6 18 20 28 5072853
2132 5 18 30 35 39 60 20193602
2133 19 20 26 51 52 57 44862973
2134 6 21 34 46 54 59 23645608
2135 9 23 28 40 48 59 31581336
2136 1 8 11 22 30 35 2186654
2137 1 2 11 12 34 49 194762
2138 4 13 14 21 30 34 15888700
2139 14 23 29 41 57 58 40228705
2140 17 20 26 36 42 54 43260839
2141 10 11 17 19 37 41 32131934
2142 7 40 44 50 52 57 27088905
2143 2 12 35 51 57 58 7863459
2144 7 16 21 33 55 60 25935186
2145 6 8 28 51 53 59 21601669
2146 16 18 31 39 42 44 42128890
2147 17 19 37 41 42 49 43208020
2148 8 15 32 33 58 59 28460179
2149 21 23 37 44 46 48 46355822
2150 23 24 26 38 42 49 47314004
2151 2 14 18 29 36 38 8101025
2152 26 29 36 49 50 59 48538208
2153 8 13 28 31 32 33 28131382
2154 7 25 41 47 50 53 26777534
2155 2 6 27 37 44 47 6383168
2156 1 6 23 26 39 49 1771626
2157 31 33 34 35 39 48 49490638
2158 9 27 35 45 46 59 31803867
2159 14 26 35 38 45 53 40404483
2160 1 19 46 47 49 53 4255639
2161 8 9 10 24 42 44 27118671
2162 11 16 22 30 34 42 34915818
2163 8 18 20 24 36 45 28755851
2164 16 17 25 47 48 58 41989496
2165 5 37 43 49 54 56 21037972
2166 3 19 34 44 56 58 13010692
2167 27 37 38 43 45 54 48914537
2168 1 4 25 27 29 37 1128266
2169 7 34 45 51 54 59 27039135
2170 10 21 24 36 38 51 33536234
2171 12 13 19 36 44 55 36154990
2172 9 24 28 37 43 57 31639538
2173 2 9 42 44 48 50 7235746
2174 10 15 34 36 56 60 32934421
2175 7 25 32 43 53 55 26760567
2176 8 23 25 39 43 44 29215601
2177 9 11 14 31 48 51 29980602
2178 2 16 21 42 50 56 8419378
2179 2 13 24 35 50 54 7993307
2180 10 12 16 21 28 38 32315448
2181 1 8 19 33 36 48 2302943
2182 19 22 39 46 47 59 45059102
2183 13 26 30 34 43 51 39017881
2184 15 36 45 51 52 59 41874818
2185 9 18 19 22 42 47 31093860
2186 12 18 19 27 41 46 36834769
2187 10 11 16 21 46 50 32121285
2188 2 17 21 28 51 60 8538657
2189 4 11 16 22 29 33 15543861
2190 5 9 20 25 35 53 18626883
2191 4 8 26 33 46 53 14947065
2192 7 16 37 53 57 59 26011478
2193 7 8 22 27 29 42 24427666
2194 8 16 20 21 31 34 28518371
2195 14 24 32 38 46 53 40297936
2196 1 25 27 28 41 56 4635699
2197 3 11 29 35 44 57 11834836
2198 1 11 34 36 44 56 3082404
2199 15 23 30 35 38 44 41452951
2200 11 15 28 36 43 55 34820160
2201 3 13 23 41 49 53 12174593
2202 11 29 37 38 43 60 35899602
2203 17 34 46 49 50 57 43900412
2204 1 28 29 32 35 56 4769965
2205 12 21 28 37 42 57 37178704
2206 6 27 38 42 45 57 23991120
2207 6 10 11 43 53 55 21905353
2208 16 25 30 40 45 49 42651515
2209 22 25 28 32 33 47 46938947
2210 11 17 24 25 33 34 35051619
2211 27 36 40 41 44 54 48907848
2212 23 26 51 52 53 58 47460615
2213 5 7 10 32 46 60 17970833
2214 4 10 18 30 34 47 15360336
2215 1 19 21 23 33 43 4166599
2216 10 24 42 43 48 49 33792351
2217 10 14 16 30 32 36 32662193
2218 6 16 22 38 48 52 23075258
2219 8 28 36 45 57 59 29492879
2220 3 35 38 40 57 58 13714018
2221 5 23 34 45 56 57 20622874
2222 13 14 29 30 48 59 37919941
2223 2 26 40 42 49 56 9304526
2224 16 23 32 50 52 58 42548286
2225 1 32 37 44 46 47 4898587
2226 2 4 7 16 30 38 5462160
2227 6 9 12 27 32 57 21687218
2228 9 19 23 32 39 45 31235456
2229 6 11 29 40 41 58 22297033
2230 7 17 26 39 56 60 26096070
2231 4 13 25 40 53 57 16007961
2232 7 8 31 34 38 47 24480825
2233 4 6 32 35 41 45 14409953
2234 4 21 27 29 42 47 16974086
2235 14 18 30 35 55 57 39816655
2236 7 20 38 43 45 53 26440265
2237 11 20 27 28 53 60 35376135
2238 11 36 45 55 57 58 36036160
2239 7 27 31 39 45 46 26843844
2240 7 9 10 19 25 58 24515763
2241 1 13 18 26 40 56 3354339
2242 5 9 18 24 25 42 18605442
2243 14 18 28 35 38 54 39807876
2244 3 5 11 34 37 42 10082100
2245 11 14 15 18 33 34 34548438
2246 5 9 24 27 33 46 18660399
2247 1 42 44 47 48 53 4995639
2248 9 15 20 29 30 42 30736303
2249 4 9 31 47 49 53 15222265
2250 27 33 39 52 57 58 48869516
2251 5 15 22 26 54 58 19772610
2252 1 17 30 37 46 50 4014511
2253 31 32 33 39 52 55 49471647
2254 4 9 24 44 47 56 15186817
2255 15 20 39 41 49 57 41253780
2256 9 10 30 37 47 54 29906380
2257 18 21 30 31 34 51 44210924
2258 1 5 7 14 23 26 1218920
2259 20 27 41 54 56 58 45984240
2260 12 14 34 35 37 47 36404078
2261 7 23 26 27 29 51 26618177
2262 7 8 14 23 30 46 24336016
2263 9 24 33 43 49 57 31659120
2264 2 3 8 19 29 37 5119523
2265 14 20 23 39 46 50 39971557
2266 10 23 31 37 58 59 33711739
2267 20 32 33 48 49 53 46109368
2268 4 13 23 28 30 52 15990037
2269 1 11 14 23 29 55 2928077
2270 14 16 38 39 41 48 39602205
2271 6 10 27 28 41 52 22071876
2272 2 5 11 24 41 49 5890543
2273 15 16 20 38 40 58 40739670
2274 8 11 17 33 40 55 27671926
2275 2 4 25 36 50 53 5714250
2276 5 15 18 27 49 57 19734982
2277 10 22 23 37 53 60 33603381
2278 8 17 34 37 43 45 28725870
2279 5 12 14 20 27 28 19188256
2280 28 29 31 50 58 59 48963884
2281 14 27 35 40 50 55 40445865
2282 12 27 30 36 45 52 37525470
2283 4 24 37 43 59 60 17208897
2284 4 10 12 14 36 46 15266614
2285 1 7 10 12 33 42 1888736
2286 9 21 30 41 42 43 31450099
2287 2 4 6 29 41 56 5447765
2288 2 26 35 39 40 56 9296072
2289 6 9 34 37 38 45 21870668
2290 5 18 36 44 57 60 20212328
2291 12 26 31 36 37 49 37488053
2292 6 16 18 33 42 57 23035676
2293 1 2 10 37 42 48 192034
2294 9 15 20 33 41 43 30738138
2295 6 13 26 28 35 41 22651101
2296 1 6 21 29 36 59 1756853
2297 20 22 35 40 41 59 45709576
2298 13 17 21 31 41 49 38277602
2299 2 3 19 40 44 60 5298866
2300 9 21 37 39 43 54 31468316
2301 17 18 35 36 47 52 43101978
2302 18 22 25 27 43 44 44258164
2303 3 7 17 20 48 50 10772557
2304 12 21 29 54 56 57 37185097
2305 7 16 22 38 55 57 25945004
2306 3 19 28 33 57 58 12987320
2307 16 33 38 46 53 55 42916373
2308 9 13 26 38 58 60 30472544
2309 9 11 29 30 33 60 30111640
2310 13 17 28 29 42 53 38323074
2311 3 5 9 35 43 60 10044511
2312 3 27 39 46 47 60 13531845
2313 3 20 26 45 49 58 13070712
2314 6 7 28 42 45 49 21330118
2315 1 10 17 26 30 53 2757790
2316 2 11 43 49 52 56 7679041
2317 3 8 30 33 35 48 11146006
2318 28 44 52 54 58 60 49153209
2319 6 17 25 35 40 49 23219236
2320 6 30 35 39 42 48 24080044
2321 14 25 28 41 43 46 40335330
2322 2 5 10 29 34 41 5874602
2323 20 27 35 39 50 59 45974118
2324 2 16 19 31 43 60 8397434
2325 33 34 37 46 52 60 49692823
2326 10 16 27 34 36 57 33043353
2327 30 37 45 54 57 58 49435046
2328 8 11 14 39 48 53 27633868
2329 12 14 28 42 45 55 36384708
2330 17 20 22 35 41 42 43233094
2331 11 13 16 36 53 57 34408306
2332 12 33 35 36 44 52 37696816
2333 9 16 31 41 53 55 30943646
2334 4 13 20 22 25 60 15961064
2335 9 18 23 42 47 49 31136782
2336 8 10 20 27 28 50 27489228
2337 2 9 34 49 51 55 7224286
2338 8 21 23 34 42 47 29060772
2339 4 18 29 47 48 59 16712938
2340 16 21 28 41 49 51 42392058
2341 4 9 31 32 42 46 15219170
2342 17 20 24 27 40 60 43244847
2343 4 31 42 45 49 56 17473095
2344 11 17 25 38 52 57 35063515
2345 7 16 19 22 28 55 25910165
2346 3 4 11 40 42 58 9742621
2347 8 9 17 30 58 60 27228809
2348 2 3 7 48 51 54 5108309
2349 5 10 25 32 49 54 18899728
2350 25 28 29 34 41 45 48205073
2351 19 22 35 41 47 49 45051822
2352 9 17 38 41 49 55 31083458
2353 3 19 34 41 48 53 13010218
2354 6 18 25 30 42 54 23329448
2355 7 30 31 41 50 56 26939105
2356 3 10 25 36 51 58 11602426
2357 19 28 30 34 40 51 45335892
2358 5 9 11 16 43 57 18499866
2359 31 32 39 42 43 51 49483614
2360 10 15 21 24 29 45 32861530
2361 14 21 22 29 35 46 40042660
2362 3 20 22 32 35 50 13040199
2363 6 14 24 34 39 58 22804224
2364 20 33 42 44 51 56 46141090
2365 1 17 28 37 44 50 4005927
2366 4 27 33 35 38 41 17337988
2367 5 23 29 34 53 60 20604202
2368 4 7 13 25 36 58 14540551
2369 4 9 17 19 37 60 15112041
2370 7 31 37 42 44 56 26977830
2371 4 15 30 36 39 48 16344014
2372 3 19 25 44 46 57 12973196
2373 23 24 26 44 49 60 47315093
2374 12 13 25 37 39 41 36204049
2375 2 6 44 46 53 58 6423785
2376 12 14 17 18 19 22 36285846
2377 5 18 29 35 43 44 20189600
2378 11 37 38 41 49 54 36038050
2379 2 8 26 32 46 56 6939795
2380 11 16 20 24 39 53 34895289
2381 7 23 32 41 42 47 26648873
2382 6 9 19 38 53 55 21784799
2383 13 15 16 20 40 41 37958688
2384 9 13 22 25 26 31 30439511
2385 12 24 32 37 43 60 37392974
2386 11 13 16 35 49 50 34407989
2387 8 26 30 31 38 48 29395782
2388 8 30 33 37 45 48 29543396
2389 16 30 37 39 40 51 42851918
2390 9 13 20 22 32 56 30420253
2391 5 8 13 27 36 50 18291118
2392 11 15 23 25 34 53 34785363
2393 26 27 28 32 38 51 48442144
2394 5 16 25 36 42 44 19933624
2395 4 11 12 44 45 57 15493292
2396 2 3 25 39 42 49 5347542
2397 6 14 20 39 46 48 22773118
2398 8 17 30 36 54 59 28713297
2399 27 35 42 44 51 52 48899498
2400 9 21 25 26 36 53 31420016
